30
16 1
58198 186
16 1
41530 22381
16 2
15165 8612
30054 27071
16 2
18881 10795
6674 20042
16 1
60606 50510
16 1
51771 43621
16 3
5772 17781
36700 6007
15833 61803
16 1
37904 27237
16 1
16087 4642
16 3
29394 20837
43351 7249
20827 52722
16 3
16257 62628
21009 63809
45622 10905
16 3
56333 18072
24686 58950
27744 46642
16 3
12249 10794
21895 37406
12431 23239
16 3
20123 61757
59885 3638
27259 47448
16 3
63403 57685
59172 31390
19603 49893
16 3
620 64047
8049 14173
10414 35773
16 3
49907 40605
64289 33994
6638 11383
16 3
29465 49864
1560 48211
51056 62892
16 3
17912 1081
59032 2375
15502 41879
16 3
64047 58771
16494 40650
44653 18220
16 3
61971 11778
3347 4657
51814 22412
16 3
34981 35270
27515 10587
16357 59387
16 3
3148 2373
3769 6319
46028 46381
16 3
48361 39326
31545 46709
26118 55330
16 3
36739 63495
29117 44276
33046 34526
16 3
45064 61964
43049 54785
3203 56993
16 3
49489 29266
15633 50693
58336 910
16 3
43679 31226
51232 62408
38548 5222
16 3
11208 40588
62804 25648
48851 6532
16 3
12918 51886
63784 18206
62931 1789
