30
6 6
15 11
43 31
39 39
51 12
8 48
26 44
6 56
26 34
24 10
22 14
9 52
7 5
58 29
14 36
30 48
45 18
56 38
19 20
53 26
12 33
23 39
6 41
4 47
37 63
46 58
47 37
8 3
44 13
39 11
21 56
16 1
42 12
35 51
33 49
32 8
52 7
18 31
50 16
10 42
38 28
11 54
61 40
27 2
3 55
60 9
43 30
1 53
34 35
40 50
2 4
20 62
25 17
5 43
57 22
51 24
49 32
15 46
17 6
54 27
13 15
29 21
55 45
36 19
6 41
61 48
38 36
16 27
36 18
13 47
9 32
23 54
45 5
35 13
4 19
18 11
58 62
29 41
39 33
41 21
44 10
28 43
59 22
0 7
52 2
49 59
48 46
2 44
46 0
3 9
20 6
24 20
47 57
53 24
60 50
10 3
25 37
51 23
30 55
62 29
14 28
19 58
17 53
5 49
8 4
1 25
6 59
42 1
12 29
56 13
59 56
24 15
15 24
36 28
19 26
40 52
62 42
29 48
51 21
57 63
2 37
33 22
60 2
35 6
48 25
16 4
7 17
63 46
61 20
14 38
41 58
25 61
20 14
26 39
13 50
22 57
1 10
39 40
37 62
28 53
46 11
18 44
17 45
47 8
58 5
38 43
55 7
23 9
27 54
34 35
11 32
0 18
30 41
52 0
31 60
4 59
53 51
5 47
54 23
43 31
9 33
50 27
49 12
8 36
10 19
44 16
6 31
21 59
45 55
62 22
12 28
16 10
61 3
1 49
52 4
41 27
19 58
4 31
30 50
37 0
48 48
56 62
22 32
7 52
40 57
3 46
49 39
8 25
11 41
54 12
23 34
58 20
53 8
47 13
6 37
15 1
5 35
60 16
6 27
39 25
4 63
45 57
40 29
38 9
9 19
55 37
41 26
27 27
3 41
21 54
2 42
25 13
33 32
32 28
7 20
58 4
12 49
6 35
60 2
8 24
44 60
46 40
28 17
31 16
16 52
26 46
6 37
26 9
7 35
25 19
46 15
9 28
28 58
34 5
51 48
30 35
3 42
36 36
16 61
27 60
50 33
52 38
62 19
14 27
32 15
18 47
16 54
38 56
12 23
61 5
32 7
3 11
22 43
47 37
24 41
26 10
49 8
3 36
14 22
42 51
29 18
39 61
3 18
52 10
6 6
35 37
18 43
34 39
12 6
17 36
22 62
6 63
1 6
61 2
41 52
54 14
31 61
59 56
35 22
14 1
4 39
40 18
9 5
4 7
26 43
50 46
62 55
39 41
53 59
20 27
3 5
18 62
26 19
54 10
38 8
19 7
45 4
47 34
50 33
4 28
42 22
48 27
37 31
37 23
50 54
43 22
61 25
7 6
31 18
20 9
10 11
40 12
26 21
16 29
61 10
29 0
35 10
6 33
4 16
37 19
18 41
60 34
26 39
62 14
15 36
13 36
9 48
4 28
25 56
58 34
59 56
12 40
17 60
60 54
0 17
6 64
6 51
52 50
53 48
34 29
24 61
15 21
2 62
40 36
37 47
16 30
45 22
31 58
10 39
28 53
63 45
44 7
55 52
54 55
0 13
39 9
36 18
35 33
61 49
25 15
13 1
27 2
30 43
4 25
60 5
19 56
7 40
57 3
8 28
20 23
12 26
56 31
46 6
26 20
41 12
33 24
42 8
11 19
38 32
62 0
32 16
5 11
49 42
1 34
51 4
22 35
50 54
59 46
23 60
21 63
43 14
9 10
18 57
58 17
47 59
3 37
17 38
48 44
29 27
14 41
6 64
59 53
20 37
15 49
56 34
46 35
52 15
61 29
5 40
48 9
22 14
36 23
9 10
41 55
25 63
42 62
26 41
19 43
18 48
16 51
55 20
1 56
6 58
60 7
30 11
45 5
23 4
14 32
62 47
57 36
21 6
50 19
31 57
33 25
47 12
38 18
12 30
27 28
51 13
24 21
17 46
40 27
34 8
54 16
28 59
32 24
37 50
58 38
13 39
0 0
10 44
7 61
3 42
2 26
39 31
29 3
63 17
35 45
53 54
43 52
44 1
4 2
8 33
11 60
49 22
6 64
35 18
36 37
19 10
60 43
61 33
16 59
52 6
55 15
39 54
18 42
31 22
48 28
5 62
45 25
0 57
14 32
23 21
4 45
34 30
54 47
28 13
58 5
29 38
33 53
9 12
57 0
32 3
22 36
2 9
1 2
59 61
53 49
8 24
30 50
3 56
62 63
6 31
50 52
41 51
24 19
13 60
43 55
40 16
27 44
26 23
46 20
25 1
56 4
38 58
10 11
44 34
42 41
63 14
37 48
17 39
11 7
49 35
12 8
7 46
20 29
47 26
15 27
51 17
21 40
6 64
35 57
45 24
44 6
54 61
53 29
56 8
8 15
32 54
40 19
13 40
17 26
46 38
19 32
62 45
18 1
48 4
10 42
12 25
20 33
37 17
29 43
14 49
25 18
34 9
1 53
24 16
2 37
55 44
43 62
30 63
63 23
28 13
15 7
7 58
52 47
6 35
27 41
47 0
9 51
21 14
36 12
26 56
59 3
42 20
4 52
3 27
49 5
58 2
51 30
16 50
5 10
38 28
0 59
22 46
23 21
57 55
33 60
39 48
41 11
60 36
31 39
50 22
61 31
11 34
6 64
22 52
1 11
35 14
10 61
62 21
53 1
15 39
7 60
11 26
55 8
45 56
39 7
57 58
60 57
23 23
38 50
44 17
51 54
4 13
9 45
25 33
40 3
49 25
46 28
52 22
32 49
8 18
61 40
20 43
5 34
30 37
13 31
50 36
48 48
42 4
36 10
54 55
21 35
3 42
56 29
17 27
59 6
18 5
41 53
37 44
29 38
26 0
31 20
12 47
28 51
47 16
2 19
0 46
24 41
58 63
27 32
63 62
6 30
34 24
14 59
16 12
19 2
33 9
43 15
6 64
33 45
45 23
63 19
5 28
21 13
2 12
12 21
37 14
19 49
18 43
17 29
48 61
53 2
57 50
11 35
30 18
22 10
4 5
7 17
23 56
8 27
3 54
15 24
24 7
52 0
59 31
26 15
36 55
44 42
13 57
35 44
55 33
38 1
28 32
61 48
58 25
1 47
25 59
54 4
46 20
39 6
29 60
0 62
10 41
41 40
47 16
20 51
62 11
14 53
27 3
50 36
34 52
31 9
40 38
6 63
16 39
56 30
49 34
32 26
51 46
9 22
42 37
43 8
60 58
6 64
13 51
21 22
5 59
0 33
30 57
35 18
10 19
45 2
54 63
50 60
3 30
23 43
52 11
34 42
57 21
29 32
19 62
2 15
16 25
14 54
49 45
4 47
56 31
43 36
51 20
11 34
41 53
63 26
62 46
18 55
32 44
8 35
25 38
58 61
36 7
55 56
37 58
33 4
60 3
15 10
7 9
9 5
27 17
61 23
24 29
46 16
26 8
22 41
44 39
12 14
20 40
42 27
28 52
39 24
47 13
38 50
59 37
17 49
48 6
6 28
31 1
1 0
40 12
53 48
6 64
16 0
47 40
2 2
52 47
45 18
24 53
38 44
30 15
61 40
21 26
21 48
60 6
17 42
52 51
5 60
46 59
25 47
45 46
42 30
38 46
45 5
30 54
4 10
27 16
50 60
59 62
4 26
39 13
54 11
26 3
46 18
42 36
19 53
33 58
13 29
40 33
4 8
18 46
24 15
31 26
41 37
37 18
2 60
25 51
6 53
34 50
15 46
30 25
22 5
33 3
37 16
53 4
17 51
44 57
33 46
24 32
39 7
2 47
18 52
20 25
51 37
16 50
58 5
59 16
6 64
20 28
51 34
39 44
46 16
11 63
48 22
9 33
15 48
12 29
31 1
63 7
5 52
4 18
26 14
14 31
23 56
38 61
30 50
29 40
22 53
52 59
21 39
59 37
50 19
27 5
53 3
17 9
8 2
36 36
6 30
42 20
25 32
61 25
0 57
10 54
60 24
56 4
41 41
18 10
2 35
62 23
34 21
37 62
55 27
54 45
7 0
3 47
35 42
40 51
58 58
1 55
45 17
19 15
33 8
44 13
57 6
49 46
47 43
24 38
43 60
32 11
16 12
13 26
28 49
6 64
32 45
18 41
12 10
36 36
7 30
6 31
58 23
40 19
9 32
53 5
5 44
19 58
29 34
50 43
3 33
28 35
63 2
26 53
59 26
47 27
2 38
54 11
8 18
27 15
62 13
10 20
60 60
0 56
17 59
11 40
4 39
14 42
61 14
30 22
21 61
37 46
22 16
31 9
45 0
33 3
24 7
49 51
44 4
46 12
25 28
34 8
41 17
42 49
16 29
23 57
38 48
56 6
1 55
39 63
52 24
15 37
20 62
13 54
43 1
48 25
51 52
55 21
35 47
57 50
6 64
50 11
41 60
27 14
0 23
53 30
17 43
33 36
22 16
32 2
2 53
1 63
63 35
26 5
30 50
46 29
37 58
55 44
16 38
7 47
6 10
35 12
38 31
59 8
8 28
60 40
9 52
54 39
45 41
4 56
19 45
5 54
25 18
13 62
61 59
24 15
15 37
51 49
42 7
47 42
48 33
23 55
29 9
31 26
52 4
12 27
34 13
11 24
56 21
3 0
36 19
10 20
28 3
21 22
57 6
58 17
43 46
49 32
62 1
39 25
20 48
44 34
40 51
18 57
14 61
6 64
29 46
7 32
61 10
43 56
14 7
0 60
26 61
28 3
13 5
54 53
38 11
48 55
47 26
5 20
63 57
9 18
50 48
8 15
57 51
24 42
15 25
17 13
12 44
45 39
55 38
6 16
32 47
60 54
62 52
33 30
42 27
23 23
51 9
1 14
37 33
52 21
25 63
44 37
58 4
27 43
46 12
53 0
41 28
40 62
18 58
31 24
39 59
16 8
22 50
49 17
2 29
19 35
30 19
10 34
11 36
21 22
36 49
59 1
20 6
3 40
34 31
56 45
4 41
35 2
6 64
63 34
49 13
58 21
0 60
7 45
6 1
21 17
41 51
20 0
36 48
61 4
24 55
42 19
14 42
5 23
46 38
12 29
13 39
45 32
52 26
39 33
8 40
33 59
53 12
59 20
62 52
10 56
56 3
15 16
40 58
22 43
11 15
2 46
54 22
19 28
47 37
35 49
57 11
44 14
60 25
16 10
31 31
28 61
25 47
43 6
30 24
32 35
48 50
27 57
50 7
9 53
38 5
23 54
4 8
18 63
55 36
37 18
26 2
29 27
51 44
17 30
34 62
1 9
3 41
6 64
52 54
20 52
45 17
19 55
35 61
1 31
13 57
45 4
41 57
0 51
17 45
1 6
54 48
2 46
51 46
9 18
22 25
46 16
47 18
10 1
54 12
61 38
37 21
28 53
26 54
58 55
32 7
3 32
0 57
24 51
44 5
44 13
17 46
1 42
36 25
25 9
15 3
25 25
5 9
8 42
30 61
21 58
33 63
4 33
62 7
23 23
36 31
21 42
0 20
9 7
59 9
3 37
5 10
31 24
22 4
16 54
8 39
53 26
49 16
63 9
33 55
31 37
9 31
2 31
6 64
42 15
17 30
57 56
39 35
9 13
53 5
11 14
23 23
33 49
46 40
32 8
48 26
43 60
45 22
47 47
21 55
1 2
22 59
8 61
20 3
38 52
28 44
49 32
35 10
26 27
25 54
6 33
15 4
4 19
30 7
3 0
37 24
36 51
29 42
27 43
60 46
52 62
7 37
50 18
55 45
0 29
34 34
63 20
59 28
44 25
54 11
12 39
2 6
56 38
18 41
24 63
16 53
14 50
51 9
19 1
10 31
31 21
41 16
40 58
58 12
5 57
13 17
61 36
62 48
6 64
50 40
28 12
17 38
38 24
25 49
56 3
3 2
14 54
15 15
54 18
1 4
42 41
61 30
63 0
4 29
2 57
30 52
11 44
59 42
35 20
5 11
51 43
53 34
24 33
7 22
6 32
9 59
18 19
8 48
0 6
55 62
10 61
19 27
40 35
43 39
26 9
12 53
23 56
49 23
22 63
62 5
47 7
29 13
44 31
57 16
45 46
48 55
46 26
34 51
13 47
60 25
58 21
31 50
16 8
39 37
37 58
41 17
21 36
33 1
36 14
52 45
32 10
20 60
27 28
6 64
5 54
49 15
25 19
15 23
56 56
21 35
8 50
38 49
37 40
45 28
29 32
17 11
48 26
14 21
27 37
50 6
23 41
59 44
54 25
46 46
60 24
47 48
57 38
0 42
55 20
19 17
26 3
63 30
36 9
32 13
40 63
51 39
52 4
39 62
4 8
31 61
10 31
16 52
9 5
44 7
20 45
42 55
6 47
22 18
3 22
11 33
24 53
62 0
61 59
13 58
33 57
2 29
35 16
18 14
41 27
53 34
30 2
43 1
1 43
7 36
58 51
34 10
12 12
28 60
6 64
55 36
48 9
39 63
59 2
15 17
45 23
32 40
34 51
6 49
37 53
10 16
12 13
11 38
44 35
50 20
4 10
3 32
14 5
27 43
52 22
1 7
0 55
22 56
16 19
21 46
63 57
62 50
57 62
51 8
46 58
30 24
20 42
54 41
53 11
38 25
56 12
24 54
19 31
9 28
60 60
18 48
7 29
29 15
31 26
25 30
36 45
2 6
17 21
42 34
5 18
41 59
23 37
47 52
58 14
28 39
43 33
49 61
13 3
8 47
33 4
35 44
40 0
61 27
26 1
6 64
44 10
46 43
14 48
4 28
50 53
41 58
2 12
28 44
27 49
57 22
19 38
48 13
31 62
63 41
15 60
26 36
49 18
40 5
52 42
62 21
12 27
60 52
58 25
24 46
1 33
11 31
13 11
3 37
37 55
22 63
20 30
59 16
42 39
0 40
7 26
35 1
47 8
45 19
18 24
36 34
6 54
33 29
17 3
8 47
51 57
29 23
38 4
56 15
39 7
32 14
54 56
16 35
55 20
10 50
61 6
21 32
43 17
25 51
23 59
9 9
53 45
5 0
30 61
34 2
6 64
62 23
46 51
18 30
43 4
15 63
38 62
52 60
30 51
29 8
49 43
32 63
26 11
42 13
27 18
61 15
62 12
7 21
63 58
4 5
5 47
24 55
29 6
26 59
44 60
63 26
35 4
52 4
9 20
26 48
52 44
50 53
11 57
35 2
55 35
59 42
4 20
41 61
42 43
60 0
3 54
30 56
52 25
33 22
46 59
20 55
20 33
28 25
5 7
62 24
49 56
41 14
56 42
42 24
57 61
59 61
24 31
40 58
31 13
5 5
12 14
54 56
53 62
5 17
16 58
6 64
27 52
10 26
44 3
47 31
37 35
30 56
61 49
4 17
39 0
41 1
55 16
21 50
51 27
46 23
20 46
14 36
58 51
12 5
62 28
9 21
36 13
56 45
57 63
15 24
40 61
34 47
52 37
24 15
32 33
13 53
16 43
7 14
17 55
23 20
45 30
43 10
42 29
31 42
48 32
25 41
63 39
18 19
54 34
11 57
3 18
49 11
19 4
26 9
28 59
60 40
33 7
53 62
5 25
6 22
2 2
0 44
29 6
50 60
35 58
38 8
22 12
59 48
1 38
8 54
