30
4 3
10 9
1 0
7 5
4 9
2 12
7 13
3 5
15 10
13 10
5 2
2 14
5 9
14 4
4 7
15 12
0 3
13 14
6 8
11 4
12 10
3 5
4 11
8 3
2 11
15 15
9 8
12 12
11 9
0 2
3 13
6 14
14 1
5 0
4 3
3 5
14 12
8 2
4 1
9 15
4 13
15 2
8 3
12 11
6 14
14 15
1 1
0 0
10 6
7 8
11 10
9 12
4 9
5 13
4 14
2 5
5 4
10 13
0 7
12 8
13 14
8 3
15 9
1 15
14 2
9 1
4 11
7 0
3 12
4 9
9 12
14 0
8 14
13 9
10 10
3 1
2 6
4 8
7 11
4 16
1 0
10 8
4 3
11 5
9 7
6 13
5 12
8 1
3 15
15 11
2 2
13 4
0 9
14 6
12 10
7 14
4 16
12 12
1 1
14 4
9 15
10 8
0 12
7 11
9 15
14 4
7 10
8 10
13 3
12 2
8 10
1 5
0 12
4 16
6 3
3 14
12 5
7 6
14 0
10 15
9 8
5 10
1 9
13 2
11 13
4 11
0 1
2 7
15 12
8 4
4 16
11 12
1 5
9 6
8 14
6 1
0 13
15 9
3 3
13 8
4 0
2 10
14 2
10 7
12 11
5 15
7 4
4 16
4 4
11 8
5 10
9 15
14 12
9 2
12 11
11 13
15 4
0 14
1 14
7 0
5 3
8 12
0 2
7 10
4 16
1 9
8 11
13 12
6 1
14 8
2 6
0 2
3 13
15 4
12 14
9 15
7 3
10 5
11 10
5 0
4 7
4 16
8 6
13 15
12 0
15 8
3 13
4 9
10 12
7 10
6 4
5 7
9 3
2 11
14 5
0 2
1 14
11 1
4 16
8 2
9 12
11 0
3 11
6 8
15 4
7 5
14 7
4 14
10 3
13 10
12 1
5 6
2 13
0 15
1 9
4 16
8 4
6 15
9 14
10 9
2 1
12 0
15 8
11 6
5 7
1 13
0 3
7 10
13 2
4 12
14 5
3 11
4 16
5 4
14 10
0 5
4 14
2 15
13 11
15 2
3 1
7 0
6 9
11 8
10 7
8 6
1 12
12 13
9 3
4 16
8 5
9 13
1 11
4 4
3 15
0 14
13 7
11 3
7 1
6 10
10 12
12 0
5 9
15 6
14 2
2 8
4 16
10 6
15 15
3 12
6 7
7 1
2 11
4 2
14 10
1 9
11 3
9 13
0 0
13 5
8 8
5 14
12 4
4 16
11 9
14 1
15 5
10 12
12 6
1 3
7 15
6 8
13 4
3 0
9 10
8 13
4 7
2 14
5 2
0 11
4 16
10 5
1 13
13 6
8 2
9 14
5 7
15 3
4 11
11 12
3 8
14 1
12 0
0 9
7 15
2 10
6 4
4 16
8 11
1 13
10 3
6 15
15 9
2 7
12 4
9 1
14 12
3 0
4 10
7 6
11 8
13 2
0 14
5 5
4 16
4 4
10 12
6 14
8 6
7 10
5 5
12 7
2 11
0 1
13 2
1 9
15 3
11 15
14 8
3 13
9 0
4 16
10 2
0 5
2 11
6 0
9 6
7 13
5 10
4 7
3 8
14 3
8 1
11 15
12 12
1 9
13 14
15 4
4 16
15 12
14 5
9 1
4 4
7 11
5 6
8 0
13 15
12 9
0 13
2 10
10 3
6 14
11 7
3 8
1 2
4 16
2 8
1 3
8 2
5 15
15 10
6 0
10 14
13 12
9 11
3 1
11 7
14 13
12 9
0 4
7 5
4 6
4 16
13 8
14 2
11 7
8 6
10 3
1 0
3 9
2 10
15 13
4 5
6 15
9 12
7 1
5 11
0 14
12 4
4 16
2 1
5 10
1 6
8 7
12 5
14 2
6 14
11 15
4 0
10 3
9 13
15 4
7 8
0 12
13 9
3 11
