30
4 3
3 14
13 3
14 2
4 2
7 4
8 8
4 3
5 5
12 6
3 1
4 4
10 14
14 7
2 8
6 9
4 4
2 13
4 9
15 2
5 14
4 5
12 8
0 5
7 6
4 9
2 2
4 3
1 5
14 6
5 3
4 1
15 10
4 4
3 4
14 3
13 0
6 2
4 5
7 9
8 4
9 7
0 8
15 1
4 5
13 6
4 9
12 14
0 10
10 4
4 5
4 12
5 3
0 7
6 14
7 13
4 5
5 4
0 5
4 2
1 9
6 13
4 5
10 14
7 5
2 12
9 9
6 8
4 5
10 3
12 3
10 8
9 4
6 12
4 5
1 8
12 14
5 10
15 4
13 5
4 5
11 14
3 11
2 8
15 1
4 4
4 5
13 12
5 6
12 8
1 13
2 2
4 5
15 8
6 10
0 1
12 15
14 12
4 5
2 1
6 7
15 2
0 8
13 12
4 5
3 14
11 7
2 2
10 7
6 7
4 5
5 6
9 13
7 14
14 1
10 2
4 5
2 9
15 11
10 6
3 1
0 10
4 5
13 7
14 10
5 14
4 2
9 11
4 5
12 15
13 3
11 9
3 3
9 12
4 5
15 14
14 3
2 12
8 1
0 9
4 5
2 1
11 8
9 3
14 11
7 8
4 5
15 5
8 15
3 2
11 8
12 14
4 5
10 15
14 9
6 6
13 11
1 0
4 5
6 1
12 9
2 15
5 7
11 10
