30
16 1
636 30038
16 1
34723 12029
16 1
14446 30257
16 1
27304 6635
16 1
20039 35253
16 1
39394 40128
16 1
3737 10982
16 1
31975 33244
16 1
15478 43476
16 1
24665 39368
16 1
34018 16490
16 1
51313 59969
16 1
978 26729
16 1
27581 14987
16 1
11550 12000
16 1
44730 34373
16 1
17863 33540
16 1
20548 16293
16 1
8387 39463
16 1
36028 18730
16 1
21367 22811
16 1
8185 56292
16 1
6579 63135
16 1
30195 22739
16 1
35575 53984
16 1
39275 10363
16 1
53106 41384
16 1
48184 5698
16 1
37754 16390
16 1
46937 19975
