30
6 34
61 15
18 51
49 63
40 52
27 39
34 45
11 38
55 20
62 17
44 22
31 34
7 26
32 61
45 18
47 0
19 54
22 47
13 55
42 16
5 2
33 46
46 14
36 49
60 62
9 27
39 4
28 6
54 60
14 25
4 42
38 33
41 56
56 29
53 36
6 8
6 24
55 58
4 33
60 42
62 16
15 30
20 37
1 5
6 52
27 36
40 40
41 6
26 9
56 29
31 13
7 21
38 42
42 25
0 62
36 48
63 61
39 28
61 7
11 0
55 23
54 16
13 17
49 39
58 58
52 3
62 43
37 8
43 30
47 53
9 38
60 37
51 14
15 12
53 27
59 10
44 51
6 54
4 5
22 1
10 41
29 57
34 4
32 35
30 46
45 22
57 33
21 20
48 56
19 2
18 52
2 59
33 34
5 63
8 45
50 11
16 19
6 25
36 39
42 54
47 63
60 62
48 5
9 49
46 53
35 16
11 10
7 21
1 6
41 25
16 38
34 56
58 7
49 14
26 37
38 31
56 44
28 51
8 26
57 59
4 17
20 19
30 58
6 53
47 52
41 59
59 33
5 38
25 30
19 10
29 26
50 53
33 9
31 3
40 61
45 42
55 24
48 4
12 46
8 36
51 55
62 5
9 2
42 49
61 21
38 40
60 41
36 7
16 18
57 63
1 54
37 50
34 37
53 29
44 11
13 14
30 60
15 44
11 35
21 27
14 39
28 19
39 58
63 43
2 51
22 13
32 31
10 48
7 34
18 16
4 6
0 56
27 12
58 8
24 32
46 15
17 20
6 64
25 2
27 13
35 57
5 44
23 20
24 28
63 35
51 30
7 50
34 40
42 52
15 0
14 1
20 48
45 43
29 51
8 16
62 10
58 27
53 15
21 21
55 49
56 19
30 22
52 54
49 9
60 14
36 42
0 26
37 39
31 41
38 23
11 29
59 38
43 18
1 47
61 8
54 58
4 45
12 60
13 56
41 59
26 63
40 37
3 61
22 32
39 6
16 5
46 31
10 17
33 3
2 34
28 25
44 36
57 12
17 33
32 53
6 4
19 55
48 62
18 7
50 11
9 46
47 24
6 6
57 11
12 26
30 47
15 10
17 12
51 13
6 40
53 22
42 60
14 50
57 47
55 46
2 19
39 26
47 37
63 51
35 58
7 55
61 4
26 35
30 59
33 28
49 29
23 14
50 2
15 52
59 1
16 32
41 8
0 63
44 12
10 36
48 57
8 23
27 21
3 56
21 9
22 20
25 3
43 53
13 33
62 5
28 7
36 49
6 11
32 38
56 15
6 26
48 38
43 27
63 38
39 15
63 35
57 51
15 23
54 44
34 53
16 28
11 2
3 61
47 6
12 15
48 58
5 20
23 41
29 25
9 42
16 63
21 45
22 41
33 2
26 33
47 20
7 49
6 64
23 7
36 56
11 52
13 4
40 9
32 50
42 44
20 55
60 13
59 41
4 62
41 60
21 22
5 45
34 19
49 27
9 59
10 42
63 5
22 29
17 12
47 35
19 15
45 24
38 2
1 63
7 51
29 47
6 57
37 33
57 3
25 23
24 21
46 61
35 38
62 10
33 49
15 17
14 20
58 25
8 11
12 16
61 54
28 46
26 18
51 48
50 14
56 37
16 1
54 28
39 58
0 26
3 36
44 40
31 43
30 31
55 32
43 53
27 39
52 6
48 0
18 30
53 8
2 34
6 64
19 47
58 7
59 56
56 29
3 40
39 30
57 15
42 16
6 53
43 49
34 57
4 14
0 35
22 48
35 5
7 3
17 11
60 36
28 26
63 39
54 2
30 24
62 9
41 20
25 44
29 6
13 38
45 43
40 19
5 33
21 22
53 31
50 4
15 18
23 60
12 28
52 46
14 50
55 0
18 34
20 27
51 58
46 12
2 51
49 45
31 42
37 37
61 21
27 63
1 54
44 17
24 55
16 62
11 32
38 52
26 25
9 10
32 61
10 8
36 13
48 23
8 41
47 59
33 1
6 64
30 9
12 7
39 51
59 26
14 35
2 38
40 16
4 49
47 54
18 15
32 62
22 60
56 25
15 6
28 1
29 2
50 21
13 52
55 5
34 48
54 22
36 36
63 11
1 41
43 45
42 63
5 12
0 58
61 39
26 50
11 29
21 57
7 23
35 18
44 34
16 46
10 37
53 47
23 13
60 27
57 20
49 3
9 0
58 4
37 40
38 10
41 14
62 56
33 32
17 30
27 19
20 59
52 61
19 43
24 33
3 8
6 24
8 55
45 31
25 17
48 53
51 42
31 28
46 44
6 64
60 56
3 58
53 19
59 40
29 31
51 27
38 50
54 11
9 36
16 37
37 33
5 55
30 4
63 22
46 26
50 47
22 14
25 24
15 62
13 43
32 12
21 25
49 53
41 28
40 61
12 0
6 23
2 17
47 42
61 30
14 15
10 29
52 59
42 52
36 1
57 41
58 48
43 10
39 46
34 16
0 21
7 51
55 63
35 38
48 32
33 35
19 34
62 7
56 8
24 2
18 49
8 6
1 39
11 45
23 44
26 5
4 18
28 54
20 20
45 13
17 9
44 3
27 57
31 60
6 64
47 28
23 27
4 21
56 55
25 41
6 38
49 2
32 55
28 56
55 29
11 53
27 28
35 21
49 26
0 3
16 31
60 11
21 28
10 26
11 40
3 50
45 61
14 15
46 18
12 43
9 23
62 55
22 57
23 6
33 52
34 27
6 15
29 27
25 16
37 38
6 32
40 61
24 62
14 53
62 26
23 17
3 44
56 45
9 35
53 51
60 54
57 2
25 34
50 37
47 10
43 39
17 48
60 6
7 3
22 36
16 29
24 38
43 55
2 55
62 24
32 13
61 55
54 59
11 51
6 64
37 52
40 22
63 18
27 15
18 61
24 49
61 60
4 17
29 4
5 7
19 63
20 57
7 43
36 2
59 53
38 54
60 27
39 51
2 25
55 46
54 34
11 20
44 16
28 29
57 33
51 35
48 32
3 9
34 44
41 28
26 11
6 13
23 55
42 38
47 58
50 26
49 62
22 37
32 41
21 5
25 48
45 56
0 50
10 39
13 30
30 12
8 19
56 0
58 42
15 36
53 10
17 3
1 59
31 14
62 47
33 45
16 8
43 24
52 31
14 6
12 40
35 21
46 1
9 23
6 64
47 17
40 11
43 58
44 2
31 23
21 19
9 41
29 22
28 13
18 45
11 29
23 37
62 0
60 20
57 4
38 48
5 53
7 56
34 51
61 27
4 8
41 3
17 7
56 21
0 52
36 38
2 60
3 31
39 54
46 44
13 16
50 55
59 26
19 33
12 14
53 63
32 34
52 49
10 6
27 57
63 28
26 1
51 61
8 42
42 5
37 30
54 32
14 59
16 62
49 25
55 36
48 35
22 40
6 18
24 46
30 50
45 24
1 9
15 12
35 15
58 43
20 47
25 10
33 39
6 64
34 4
50 52
42 5
14 35
13 60
4 18
9 33
58 49
23 39
33 32
0 26
1 16
8 27
60 47
28 12
37 46
25 22
53 29
59 48
31 24
27 53
12 36
56 59
52 41
47 11
18 57
62 43
2 31
51 7
17 40
22 37
39 28
61 38
48 51
26 1
11 58
38 3
10 23
54 55
46 61
49 8
15 50
41 62
63 42
7 17
6 21
55 9
45 2
20 19
44 44
43 63
36 6
16 14
21 0
30 15
29 34
40 10
3 30
24 54
35 45
32 56
19 13
5 25
57 20
6 64
8 0
33 14
41 38
58 61
18 13
27 6
13 59
20 50
56 32
49 9
49 1
32 52
11 28
33 46
59 2
1 62
50 55
3 41
14 5
23 59
38 54
47 16
18 41
16 19
34 5
23 48
25 13
22 39
48 19
2 55
48 63
41 35
48 9
20 60
49 5
62 36
30 4
62 40
5 25
16 16
3 52
4 13
25 45
56 51
55 11
43 2
31 48
61 34
46 60
53 58
33 63
49 8
47 49
48 46
58 0
27 33
36 48
6 50
8 3
7 3
61 5
6 30
23 44
14 31
6 64
28 40
43 57
42 17
15 63
1 37
4 11
22 14
17 36
26 3
12 41
25 43
0 19
38 33
61 34
10 29
60 54
11 59
57 24
14 15
36 31
46 4
58 26
18 28
54 50
33 62
39 44
7 12
2 61
50 9
35 13
59 38
40 22
51 21
5 47
8 55
52 53
9 30
41 46
19 48
6 5
16 2
23 60
63 27
29 39
48 52
27 1
37 42
21 23
13 20
47 58
44 16
20 0
32 10
56 18
3 8
55 32
31 35
62 45
45 56
34 49
53 7
30 6
49 51
24 25
6 64
40 38
33 59
36 57
57 2
10 11
50 39
3 12
30 58
37 52
45 56
11 60
15 19
59 32
60 63
56 1
49 43
54 35
6 31
16 30
46 5
23 55
34 33
13 54
18 0
20 42
19 41
35 18
43 23
62 22
29 48
14 9
42 27
5 10
2 14
27 24
28 6
51 4
53 21
25 3
48 44
0 28
52 36
58 37
38 20
21 17
24 61
4 50
9 34
41 53
47 13
8 15
31 29
17 40
1 49
39 26
55 46
12 45
61 8
63 7
22 47
32 51
26 16
7 62
44 25
6 64
61 59
54 1
15 15
4 20
31 41
12 28
11 27
8 49
56 36
59 19
27 55
5 61
10 13
6 42
37 32
9 25
25 4
29 44
45 47
33 35
3 30
26 45
53 24
46 56
20 10
28 17
48 43
22 62
42 6
18 8
7 50
43 54
35 46
23 11
41 51
34 9
50 7
36 14
63 39
32 52
0 0
19 21
47 22
57 38
24 40
16 33
1 34
21 12
14 16
38 26
30 48
49 18
55 58
17 23
44 63
39 31
62 60
52 57
60 5
40 37
58 2
13 29
51 3
2 53
6 64
48 30
55 56
61 42
51 27
31 45
37 19
33 28
49 30
27 42
50 40
50 0
9 50
12 42
55 17
15 15
35 38
32 33
49 55
11 9
60 58
56 62
28 13
14 47
24 13
43 38
48 22
46 49
3 7
2 23
63 23
7 2
4 28
6 8
25 26
31 50
17 33
57 45
46 10
49 63
49 8
22 40
63 40
39 7
28 55
21 48
12 21
60 26
48 49
2 30
8 59
2 58
11 12
21 42
54 13
4 19
61 4
38 32
18 9
5 27
6 31
38 57
24 39
56 41
46 1
6 64
10 21
59 31
60 44
12 37
26 0
32 30
50 4
30 54
27 7
21 27
46 60
55 19
56 25
17 41
33 49
40 15
16 22
42 53
7 28
58 16
38 34
14 59
51 52
52 36
41 57
44 56
28 26
6 63
2 42
62 48
49 62
5 29
61 58
23 50
39 32
4 12
1 40
34 10
19 35
47 17
45 1
0 9
43 8
18 23
36 24
29 13
31 18
13 51
9 5
15 6
25 38
3 39
22 46
48 33
37 3
57 55
24 47
35 2
20 45
54 20
53 11
63 14
11 61
8 43
6 64
25 41
26 53
49 25
33 9
12 3
42 6
43 26
52 50
7 5
55 4
40 52
56 51
14 49
54 0
8 23
4 46
22 47
2 45
38 56
47 10
37 14
44 35
39 8
18 48
62 62
13 32
3 11
57 22
46 17
48 20
53 59
29 61
30 19
51 24
50 16
60 33
15 57
36 58
59 43
31 38
10 1
20 37
1 31
32 44
23 12
16 13
35 63
6 15
45 34
17 28
63 7
21 54
11 55
0 2
19 39
41 42
58 36
9 18
5 29
27 21
61 30
34 40
24 60
28 27
6 64
9 31
7 1
5 0
62 18
25 4
10 7
26 6
0 56
30 0
40 0
9 27
35 58
9 24
9 59
34 15
3 5
5 27
8 36
20 49
45 53
30 58
38 44
55 19
31 19
4 15
0 8
4 51
12 8
0 16
60 51
63 49
31 26
28 40
20 24
28 38
51 0
32 62
21 9
60 45
59 50
29 18
20 8
5 11
48 61
7 34
42 24
33 36
3 21
0 47
39 35
10 36
42 11
45 25
16 16
9 24
48 8
59 22
25 12
9 40
59 8
53 5
14 17
60 0
29 26
6 64
18 46
35 62
55 34
59 20
36 14
21 13
15 28
40 12
2 52
52 17
39 34
4 0
45 15
8 4
20 14
43 3
42 26
23 26
18 51
38 11
53 40
46 20
4 46
16 51
6 55
15 54
12 13
61 58
23 44
60 2
59 53
33 49
6 7
45 22
26 4
14 34
40 40
53 48
59 21
44 58
11 46
6 47
29 31
21 59
33 35
51 58
50 20
48 10
19 34
41 8
46 6
24 46
28 54
8 8
18 7
58 10
49 10
18 45
16 9
57 27
53 8
37 53
5 48
6 25
6 64
43 50
63 55
42 11
50 43
34 6
17 58
26 23
23 35
52 31
51 15
53 39
24 0
1 52
22 46
28 16
39 28
3 7
27 49
55 3
9 56
61 47
7 37
11 2
49 45
25 27
36 51
16 5
8 29
44 17
10 54
58 60
15 41
5 53
33 40
18 34
38 8
2 22
46 21
20 63
41 14
35 4
21 10
19 25
56 1
47 13
30 30
57 19
13 18
12 57
0 36
62 59
14 42
40 26
54 12
32 62
4 9
31 20
60 38
59 44
37 48
6 32
29 33
45 61
48 24
6 64
58 15
34 60
23 27
24 59
14 46
10 2
63 26
59 25
20 5
39 47
28 34
7 33
57 14
46 3
31 38
6 1
43 61
12 16
11 51
44 12
61 50
19 37
2 20
18 30
33 32
30 48
41 42
56 49
48 54
1 35
21 19
27 43
47 18
32 9
9 11
35 63
37 53
53 45
26 41
25 23
4 44
50 29
22 62
29 39
52 7
62 6
15 31
54 8
0 13
60 58
16 21
36 52
55 57
40 24
51 22
42 55
49 56
8 40
38 36
5 17
45 4
17 10
13 28
3 0
6 64
62 13
1 20
51 16
49 63
55 51
23 57
27 9
36 49
42 12
40 27
54 25
6 59
15 29
18 44
32 18
39 60
2 3
28 48
16 62
24 15
17 28
8 61
57 8
47 22
38 41
21 33
60 38
58 10
45 2
52 0
19 58
5 50
53 17
3 34
4 14
0 52
37 24
14 36
34 45
13 1
46 42
20 35
41 40
50 30
26 23
43 37
30 31
29 55
63 26
59 46
35 32
48 5
31 19
56 4
7 56
12 6
22 54
33 11
11 47
10 7
25 43
44 53
61 21
9 39
6 64
14 56
1 42
51 39
41 33
50 32
18 50
60 4
29 53
2 47
22 20
43 26
20 12
7 41
32 15
30 51
57 34
53 1
63 48
26 30
52 38
24 9
6 0
39 13
37 43
40 61
25 44
38 46
8 14
59 63
48 5
13 17
16 25
27 16
12 31
49 29
31 27
21 8
17 11
61 2
23 36
47 40
35 28
28 35
36 22
15 24
56 10
9 49
19 3
54 21
11 55
44 23
46 57
0 18
10 58
34 54
33 52
58 19
5 37
45 6
42 45
3 59
62 60
4 7
55 62
