30
16 1
52605 48498
16 2
63340 58586
30813 44834
16 3
30173 27811
5644 33651
5237 12390
16 1
24431 10530
16 1
42764 34825
16 1
6823 1484
16 2
60437 5182
31872 63429
16 1
24694 17946
16 3
38987 31076
35519 18255
26370 61898
16 3
44016 3926
39816 12800
52778 41726
16 3
46112 45344
57225 12842
56808 6328
16 3
61326 14751
31013 38304
1580 28663
16 3
52510 9144
31384 4077
56204 40884
16 3
35624 64142
9756 59277
27735 3775
16 3
60335 33425
3141 20913
45347 58185
16 3
47473 54186
50621 53942
4629 3479
16 3
41458 28935
58004 42925
41263 47379
16 3
33230 21894
22301 22164
37540 58574
16 3
41378 15945
44618 63245
42395 45793
16 3
35402 18483
46414 26506
11045 9
16 3
19767 55396
23411 14406
16404 62807
16 3
62625 47851
13080 60420
55602 59221
16 3
7257 25334
22777 59881
14121 40569
16 3
29777 37107
38861 37196
31440 31772
16 3
43533 9778
49952 52461
19933 60113
16 3
52377 38910
10918 20301
61983 5791
16 3
26660 45402
49035 13693
45973 45854
16 3
15599 47401
25170 65000
62787 37854
16 3
50129 3077
29895 6713
53636 54265
16 3
33094 18643
12379 8813
37621 30683
