30
16 713
620 289
793 138
315 214
1015 763
206 572
588 638
330 529
1010 707
505 908
258 992
30 587
564 727
518 310
711 596
415 595
993 293
325 453
212 520
494 502
967 911
190 920
944 30
412 774
804 513
202 472
958 806
86 150
260 843
1006 858
123 178
775 874
538 439
419 325
940 987
462 191
873 825
508 700
762 320
600 668
27 526
713 831
874 301
824 741
502 819
118 550
352 840
718 347
880 187
908 636
827 403
918 107
710 155
639 83
636 279
378 473
682 1006
351 545
926 750
889 623
571 52
93 888
370 812
214 486
433 538
616 906
432 960
720 353
389 59
398 44
591 47
411 566
316 643
716 323
371 816
38 194
219 817
994 590
1021 357
63 713
902 314
746 932
527 654
792 322
659 78
500 273
643 152
413 74
566 562
664 537
391 942
624 305
280 1012
340 85
904 290
474 1002
734 945
215 678
373 176
672 997
536 390
57 126
98 517
379 114
229 413
1008 348
308 1008
431 209
1002 742
596 974
942 27
445 921
1 508
324 269
860 307
665 852
829 277
751 233
699 234
359 173
913 900
263 980
142 427
742 26
59 694
241 339
498 222
175 790
48 903
931 541
424 298
731 570
256 355
266 869
344 66
372 929
738 215
376 826
707 785
670 196
423 747
593 350
657 304
937 450
540 721
866 368
573 794
609 937
633 303
783 585
507 859
421 579
675 693
166 106
87 821
77 614
757 211
383 692
139 762
343 779
823 65
691 759
686 253
663 95
576 775
317 938
251 996
312 733
336 419
617 252
159 876
669 723
334 312
592 527
602 41
912 766
331 913
388 485
294 967
167 467
14 519
1022 462
922 198
105 257
224 663
516 151
961 317
200 861
120 103
196 621
924 683
180 235
822 877
386 229
835 912
350 994
1019 598
871 8
269 164
857 918
755 556
968 971
13 879
1000 884
818 102
365 704
909 940
732 909
905 605
72 712
300 411
883 497
127 832
183 697
658 592
261 926
24 808
865 813
45 40
562 633
231 69
782 777
631 837
46 1023
80 578
357 986
278 406
227 38
778 501
217 334
375 396
191 536
703 495
796 460
1009 841
530 631
275 342
974 13
461 607
864 76
512 957
194 60
950 846
335 801
863 399
328 392
997 499
238 448
235 950
660 7
354 534
767 0
747 896
345 625
563 281
630 1019
836 331
719 77
501 523
356 496
211 553
2 146
119 936
698 895
855 184
543 771
772 656
644 1
856 160
528 608
493 959
358 240
444 141
702 179
521 559
446 552
983 890
810 968
447 159
676 510
104 483
599 662
62 805
555 788
808 628
392 108
397 834
952 711
306 311
766 615
329 543
49 490
754 702
289 260
601 649
8 673
496 939
694 756
845 219
292 172
69 703
41 914
195 344
47 34
800 554
817 645
972 3
262 45
382 627
844 51
756 530
661 264
497 270
1003 546
785 168
133 686
460 89
121 190
928 815
404 814
174 899
671 768
150 133
655 393
309 718
440 823
88 511
124 589
318 299
533 610
693 123
463 430
570 901
515 827
828 603
721 1016
935 871
295 213
495 849
510 20
162 356
395 891
761 970
934 395
459 751
50 853
434 507
338 118
504 498
222 223
3 243
479 469
692 569
11 384
5 97
506 15
477 956
833 263
681 335
807 927
680 479
400 535
355 134
37 144
158 120
243 333
12 657
125 362
201 769
95 781
71 946
951 961
771 975
583 67
0 203
154 606
577 382
245 737
869 285
430 882
151 170
273 886
840 862
380 224
957 810
725 132
853 37
939 977
805 100
517 5
886 212
453 244
684 249
733 345
645 17
115 319
346 735
111 504
102 62
945 842
801 885
959 265
920 225
542 443
99 438
764 220
198 121
164 461
737 760
44 1001
777 180
426 256
838 640
347 669
988 306
839 1017
846 364
897 445
525 547
184 848
417 646
117 609
514 352
348 588
529 558
744 524
859 680
179 447
587 326
503 261
984 116
146 743
919 110
240 19
450 844
58 514
597 327
885 434
148 92
546 746
341 637
1011 531
892 286
103 1011
990 247
581 659
137 112
995 878
887 142
468 744
613 809
381 274
619 979
947 199
712 391
177 124
68 147
129 165
16 418
537 857
513 437
25 404
623 676
803 407
830 111
679 512
881 644
84 584
466 226
296 55
572 493
727 262
954 807
806 400
414 883
736 268
741 870
690 758
255 540
534 736
319 690
820 351
374 684
448 724
74 963
272 749
938 140
457 50
925 787
26 466
307 533
31 387
821 271
36 854
216 192
875 494
182 822
605 722
987 730
173 177
915 835
590 1004
545 131
293 248
526 284
816 709
706 421
812 56
4 250
916 408
799 557
569 330
458 698
696 904
107 468
647 845
891 282
850 993
252 998
470 139
482 398
770 820
288 1007
578 185
992 563
603 432
491 642
729 561
996 480
943 156
851 682
701 799
960 599
625 471
523 369
797 484
290 86
17 856
237 1009
320 1018
85 449
490 755
589 424
279 708
683 618
181 186
28 717
475 202
697 405
888 847
223 422
929 630
73 117
608 72
234 48
310 43
299 902
239 340
363 12
1014 287
999 175
387 863
704 39
618 397
579 367
18 624
271 291
678 429
230 385
259 415
82 4
847 316
232 990
481 57
724 459
483 983
143 128
141 681
377 474
218 488
615 153
349 976
811 889
126 275
225 792
921 388
54 964
97 505
879 154
244 836
739 551
652 580
396 376
286 525
464 875
185 726
249 379
955 989
149 456
949 521
927 677
6 18
651 482
932 149
884 409
790 500
270 575
708 789
51 731
90 685
172 239
753 753
585 574
156 242
640 560
96 661
452 162
332 868
933 568
787 428
471 651
333 276
416 984
637 639
971 375
484 99
176 830
649 208
634 6
284 2
626 930
213 377
66 1021
113 710
33 887
455 383
43 68
100 80
89 880
750 522
662 454
34 122
722 487
112 294
168 905
554 931
685 105
313 995
160 463
283 667
541 426
877 358
1016 363
35 660
441 687
654 216
558 53
794 341
418 338
298 544
780 601
769 137
535 193
197 127
401 622
709 36
595 647
281 873
548 503
368 829
511 542
138 934
809 780
632 516
956 706
384 641
966 626
305 174
728 719
991 1005
410 90
136 811
254 9
982 915
614 402
366 23
867 916
705 297
788 372
539 612
78 94
443 109
876 611
1023 675
147 283
814 130
15 412
565 919
403 881
911 300
155 365
186 922
134 689
743 361
900 210
473 791
568 867
815 924
849 451
986 182
427 715
52 773
40 833
297 431
16 180
982 221
74 378
960 542
691 40
633 863
553 627
927 400
444 608
282 660
232 632
821 410
163 443
181 43
190 306
702 347
597 493
653 532
650 283
55 785
351 320
413 527
500 560
475 416
465 101
121 160
726 547
878 682
368 225
419 45
306 465
566 638
550 421
615 889
652 119
638 367
690 84
441 939
106 315
1020 992
930 201
360 753
568 875
410 994
719 671
472 209
73 57
41 11
941 39
722 418
657 305
316 164
358 42
331 230
230 536
535 517
846 333
949 17
376 262
297 483
99 531
147 605
277 366
584 633
645 606
832 19
267 269
253 521
990 983
861 374
977 173
534 52
1 574
245 192
758 420
321 592
503 634
188 456
540 954
1022 407
842 628
847 272
958 545
22 403
825 624
712 890
299 365
309 166
355 570
688 478
664 819
175 82
669 714
589 817
918 614
916 381
750 258
167 20
110 87
848 86
173 565
743 702
490 749
49 952
697 511
98 820
801 319
986 248
921 692
237 304
541 323
83 382
716 812
605 297
863 742
216 415
814 878
42 747
929 524
34 350
270 778
220 522
796 602
494 664
850 800
909 618
382 559
283 777
914 979
611 9
965 204
269 429
733 1011
647 282
581 150
203 710
721 377
333 678
294 318
976 394
627 277
158 593
40 112
834 180
738 662
892 554
361 729
812 363
453 912
511 539
126 711
130 73
676 95
537 243
698 182
735 67
143 399
547 466
381 159
127 661
959 844
473 1008
193 726
248 446
313 961
80 477
646 233
962 535
907 422
748 453
10 292
792 310
416 346
915 406
53 707
875 285
199 829
887 649
440 482
155 918
1014 540
16 220
33 526
134 456
315 209
777 319
103 502
809 17
246 189
88 657
276 755
659 286
497 545
636 676
683 484
1003 511
830 465
259 775
227 482
111 570
713 933
555 155
350 327
587 225
82 799
936 215
93 913
198 473
852 975
583 102
915 205
363 399
892 100
182 611
903 306
680 255
991 317
50 308
851 459
577 673
993 627
177 998
360 90
776 349
989 881
453 752
210 1003
492 95
733 151
146 564
730 435
296 1008
477 814
175 400
266 630
348 304
773 9
533 366
842 980
422 276
908 706
558 695
979 531
301 207
868 660
757 397
781 208
378 800
996 62
759 972
737 370
839 154
236 45
586 731
159 1012
994 879
54 453
344 53
482 111
749 944
520 748
380 966
926 558
253 856
275 992
840 414
819 772
172 342
338 492
540 828
593 820
565 774
901 797
186 323
272 61
262 902
176 523
110 74
1020 250
385 129
346 32
438 569
853 474
416 659
214 930
342 649
813 806
87 357
790 986
932 654
3 514
835 494
909 22
792 827
162 235
1007 5
316 336
170 591
747 334
469 521
63 536
976 925
372 125
700 571
329 497
953 928
519 261
546 821
580 160
426 84
68 259
333 316
490 976
13 466
140 507
917 385
685 965
376 1019
70 721
493 869
337 845
826 528
196 646
153 82
512 25
588 787
699 790
911 200
1006 658
42 213
45 604
832 578
402 407
307 437
602 282
243 954
914 665
963 860
596 542
57 638
1008 113
980 720
975 888
449 761
731 423
939 524
288 909
194 614
895 862
775 693
933 767
463 736
407 43
98 381
189 793
650 592
916 942
396 924
154 534
52 145
488 983
369 491
930 10
618 223
141 257
796 271
244 58
865 858
73 765
267 1014
714 504
646 220
599 640
383 91
166 173
542 485
517 651
1012 42
470 471
797 849
544 729
598 1017
668 723
368 47
751 419
280 770
673 516
409 589
6 993
281 788
1001 156
607 853
359 880
58 707
47 212
51 740
626 624
478 57
434 222
755 320
691 461
306 77
16 393
291 108
728 133
312 368
713 111
531 407
784 59
957 611
214 82
148 881
815 458
75 464
1 731
282 113
870 1012
197 621
789 164
697 251
232 978
624 343
361 882
974 295
725 104
540 968
325 763
303 507
638 870
940 851
85 443
787 422
934 967
875 482
725 952
110 578
1015 975
115 13
158 121
4 611
782 441
566 125
832 1000
312 898
731 335
552 29
400 235
785 933
26 292
638 301
999 472
704 570
904 191
232 562
357 124
82 100
1020 201
403 1013
507 583
350 346
791 158
987 530
564 537
282 561
90 1012
761 104
375 476
446 698
102 334
235 413
991 545
770 436
680 113
454 1000
539 133
251 802
528 561
918 565
196 669
787 960
767 898
665 579
232 222
320 656
389 1021
374 321
137 605
890 570
879 791
37 718
186 247
915 787
391 157
987 561
60 39
562 431
825 952
420 733
505 326
381 749
1023 1007
409 310
296 685
666 353
205 814
678 50
877 986
288 564
546 477
500 594
827 890
587 11
288 27
9 849
576 661
561 386
73 246
815 843
757 475
533 312
898 333
434 372
364 450
839 434
729 412
902 261
415 809
146 440
750 840
865 20
327 1
499 38
87 267
935 315
342 973
524 900
286 976
255 704
971 123
153 786
505 687
284 574
638 68
937 113
630 574
874 85
799 418
286 553
556 376
196 887
516 868
695 84
838 59
813 205
116 537
569 466
737 732
976 417
300 107
91 441
342 9
368 826
104 58
901 372
583 689
988 520
336 23
440 977
1002 974
200 518
733 614
939 151
310 672
424 346
774 105
698 510
361 302
84 129
544 194
423 142
28 742
285 246
276 129
801 456
553 421
936 891
406 10
149 118
170 21
139 413
893 691
1009 389
356 139
832 851
800 485
423 606
798 663
649 246
682 826
379 140
379 26
728 576
692 981
6 256
963 392
89 475
1001 927
191 583
220 453
648 855
246 963
665 1022
234 747
223 101
119 374
735 142
364 241
268 526
850 1011
827 957
143 758
698 505
69 210
617 1018
433 386
977 425
881 393
1016 175
978 289
43 470
471 763
297 30
714 149
788 354
83 621
448 334
320 788
840 415
601 51
452 165
651 797
390 491
1012 663
13 934
1009 907
382 278
771 823
147 943
376 311
23 639
150 344
746 848
271 191
771 202
950 1003
132 715
711 727
635 439
872 48
853 658
347 173
570 944
105 803
119 305
299 520
108 466
592 674
111 179
390 114
194 822
787 610
590 97
18 157
989 678
428 17
720 567
995 679
987 539
672 962
914 989
520 451
168 388
604 798
607 834
62 673
122 853
923 870
487 71
649 996
947 720
922 647
492 911
966 977
401 107
248 510
434 200
533 799
630 247
873 930
94 416
424 630
556 168
336 869
327 408
722 274
882 44
280 767
387 41
905 828
223 712
577 125
51 219
561 731
600 580
928 179
470 397
169 863
409 405
689 672
328 473
257 728
266 956
678 180
181 78
249 575
622 529
23 379
767 228
498 695
295 76
44 423
343 698
761 255
926 211
801 317
18 550
840 881
45 624
809 485
228 581
89 621
392 270
646 970
857 140
257 291
808 982
539 792
598 961
460 273
473 424
404 795
7 381
472 620
261 72
383 982
730 319
70 953
661 426
395 26
470 618
592 889
728 109
206 822
774 683
611 135
191 850
652 43
314 73
72 983
637 1007
406 819
418 895
111 825
510 239
263 381
755 310
555 54
566 317
887 55
667 395
718 639
436 937
173 505
256 785
86 371
981 813
137 599
927 903
607 223
775 731
55 224
993 454
63 776
642 798
682 1012
799 260
16 300
187 748
194 103
386 458
19 346
60 438
138 2
449 418
796 98
461 971
94 426
40 1023
349 911
962 311
714 660
1020 614
351 692
521 348
342 979
972 127
581 181
288 117
841 483
398 849
629 733
590 290
473 211
920 124
578 183
60 399
323 366
55 822
211 727
513 1000
668 998
52 64
331 527
824 579
927 845
26 751
920 808
519 348
171 578
481 608
1020 373
449 697
352 730
911 581
324 814
967 30
927 185
595 194
870 491
116 369
303 516
383 896
849 208
875 568
582 423
660 545
910 443
1007 928
671 782
818 850
281 231
923 440
427 361
710 111
738 98
727 318
1002 1004
908 706
325 36
174 302
434 43
4 506
236 582
87 379
25 808
34 997
835 703
283 623
333 524
333 802
342 365
775 997
335 144
484 538
271 619
560 411
713 662
865 328
984 650
480 964
580 610
615 181
366 643
512 776
3 853
538 211
501 98
650 784
705 322
223 470
990 423
762 373
2 125
313 896
787 672
413 656
264 4
211 981
982 256
596 972
448 69
204 734
495 44
856 701
262 379
895 145
645 705
717 687
788 145
231 264
790 196
3 14
406 815
275 717
141 420
628 76
916 371
46 206
931 414
824 667
976 420
200 1021
379 765
564 587
528 202
215 963
318 383
490 551
828 219
23 76
128 572
117 722
216 627
694 360
283 922
798 673
863 561
893 667
761 59
950 873
895 47
467 820
941 597
857 477
119 920
411 581
7 837
911 58
63 175
680 57
541 493
967 798
63 1021
748 116
413 689
552 433
741 226
109 955
555 131
834 557
411 829
287 79
235 997
976 956
14 501
528 529
180 595
642 861
207 693
561 1018
834 608
50 589
879 906
931 237
675 928
138 7
845 15
702 737
468 753
525 449
160 970
203 811
622 764
784 111
13 542
977 686
494 544
95 613
33 867
562 732
418 175
791 674
704 883
124 320
1002 696
816 870
305 564
285 504
645 202
184 156
626 87
854 759
141 551
434 283
424 430
990 939
288 251
39 465
477 663
497 376
686 513
510 142
630 140
544 610
158 222
951 722
529 177
111 733
365 262
777 585
778 351
394 782
511 394
562 90
976 248
29 617
223 493
282 272
1014 652
127 795
28 801
382 907
610 336
243 706
775 847
142 532
575 122
651 457
867 160
273 655
659 115
242 39
562 563
401 929
243 480
244 981
465 509
436 160
57 340
443 559
656 554
667 309
395 326
616 566
778 726
940 350
283 905
496 80
39 983
124 194
671 984
776 542
722 802
121 949
1009 576
327 180
39 361
484 272
43 169
443 341
785 527
891 274
1007 189
892 209
721 946
591 69
1018 905
665 1020
233 955
620 540
768 204
663 726
933 894
548 500
271 943
651 515
229 633
16 59
168 325
536 857
210 695
664 910
374 804
261 721
158 368
176 480
50 169
517 238
321 537
595 741
186 943
864 359
543 83
433 915
171 516
397 913
339 195
46 855
614 548
518 829
121 437
334 178
305 939
714 999
482 797
128 225
985 631
60 730
418 694
37 242
370 986
247 997
645 261
958 954
136 118
838 382
855 287
547 909
564 606
507 601
316 179
256 980
404 343
67 473
499 614
148 436
836 263
794 200
220 455
47 702
159 381
449 545
211 929
844 941
216 433
25 39
529 683
16 718
717 433
976 370
682 824
563 869
463 993
200 358
955 534
74 194
748 54
631 770
228 518
843 427
401 273
931 19
520 992
379 593
217 841
653 301
647 1002
504 422
19 651
960 61
573 1007
441 807
525 94
918 28
663 275
610 228
66 536
146 789
90 606
585 932
498 891
951 921
752 928
742 648
117 738
731 344
946 847
452 872
125 22
184 822
548 366
662 408
673 944
180 804
111 647
342 984
269 640
820 935
912 431
916 596
876 492
516 582
83 1012
182 177
123 214
230 92
607 79
709 345
344 39
914 207
667 569
981 227
541 952
569 506
745 759
775 681
467 505
845 423
902 1016
549 369
290 193
537 635
462 793
256 164
941 585
899 741
792 831
101 6
609 774
327 616
831 106
454 213
544 870
959 986
1020 70
367 252
970 426
725 552
860 914
353 617
855 51
227 672
183 114
176 502
193 795
204 515
382 113
119 1018
542 429
423 1006
361 140
887 579
80 474
243 495
149 153
11 224
592 171
866 468
213 943
89 418
178 494
760 90
210 35
274 911
907 493
1021 131
811 574
18 721
198 772
623 490
996 987
967 200
245 322
26 771
92 744
494 973
819 123
930 307
264 459
389 634
120 181
774 21
335 294
929 876
904 17
276 421
528 615
391 283
321 191
894 425
102 945
71 157
935 104
62 155
513 110
522 146
802 972
177 786
800 513
590 99
947 504
118 710
396 855
41 545
5 727
203 8
208 520
835 187
924 176
261 834
992 767
152 138
130 250
578 709
167 331
84 726
871 956
428 43
543 764
842 383
680 5
936 137
618 541
764 819
64 901
741 873
856 447
68 121
736 655
983 658
705 1023
519 687
132 69
128 152
356 101
309 961
617 532
181 507
620 304
886 621
527 713
719 703
521 607
456 220
395 586
810 519
346 909
552 324
652 720
726 573
536 487
410 595
126 82
968 669
310 276
449 554
1006 784
334 848
524 438
909 546
664 719
91 119
109 686
265 537
889 979
440 445
250 120
495 889
1018 87
696 367
626 404
135 97
687 924
555 652
141 584
365 816
278 875
347 632
73 225
286 393
797 994
669 351
897 368
765 234
507 865
838 717
703 1019
690 680
496 308
32 567
112 612
982 663
1011 978
156 56
285 950
388 47
407 691
825 662
43 139
852 724
515 752
589 49
830 410
142 162
740 446
359 639
21 587
844 411
864 522
611 922
95 881
735 716
778 83
201 800
812 215
890 688
98 572
477 558
79 571
56 288
597 392
374 633
215 918
613 240
998 471
639 23
299 794
753 389
805 923
806 413
165 578
341 293
434 16
945 239
630 810
469 361
619 142
966 435
531 233
675 845
940 412
767 938
273 788
196 561
692 347
640 385
147 903
57 755
895 860
1004 657
676 270
474 203
954 210
246 277
733 416
657 712
670 64
938 141
490 334
402 736
501 679
51 821
288 868
231 654
848 402
466 84
794 290
99 357
973 76
636 927
372 659
1022 196
232 128
957 660
993 745
591 948
254 259
312 783
303 568
508 547
212 743
187 540
913 514
868 820
587 974
813 929
284 464
823 437
107 482
457 60
475 467
854 378
787 983
718 323
503 278
497 605
990 254
550 942
729 417
1001 149
94 300
238 627
271 730
351 877
783 828
665 1000
414 670
608 12
368 432
114 690
384 309
164 100
305 197
162 1015
883 292
49 472
965 684
75 395
893 695
417 338
953 665
240 160
279 827
643 281
1007 31
447 249
295 274
984 52
898 624
343 920
486 836
796 708
354 436
859 777
24 861
711 72
698 880
858 186
873 75
42 863
380 73
370 626
399 127
481 538
323 212
646 303
459 874
262 497
540 245
489 851
289 731
339 403
446 630
169 394
786 147
270 600
444 631
807 165
697 50
408 931
300 919
377 917
404 649
602 636
199 33
529 818
34 80
708 458
863 241
25 1001
850 707
412 527
625 619
989 170
841 808
15 151
195 420
903 444
438 229
1008 38
216 960
685 802
103 286
879 463
956 342
588 122
798 905
4 838
148 67
453 442
837 732
977 583
9 166
877 230
943 735
88 150
3 59
483 885
33 382
632 272
306 550
751 129
734 965
994 261
8 750
436 237
242 661
878 894
882 671
287 386
38 613
122 864
659 352
349 970
1015 88
944 32
465 34
505 125
174 553
139 503
779 998
398 604
175 642
2 858
1002 650
648 915
220 862
260 63
138 332
6 479
411 643
185 844
816 653
352 205
493 913
758 328
308 757
756 380
565 801
37 359
616 0
612 470
932 15
502 391
975 714
853 947
514 957
422 405
369 830
472 674
532 982
906 902
730 790
59 912
110 363
106 883
688 117
487 1022
170 65
420 900
727 365
771 954
558 696
836 682
766 105
46 211
460 896
905 673
403 159
564 41
872 326
668 763
221 236
137 508
229 601
915 792
694 172
10 618
629 267
479 509
577 610
307 551
979 798
510 341
115 907
23 526
969 298
40 510
316 611
54 74
980 916
575 460
350 449
16 335
333 908
259 856
451 7
822 645
869 575
14 419
559 677
637 37
795 592
809 664
214 457
773 725
296 628
392 491
693 859
225 832
518 424
920 289
415 742
772 319
880 775
551 190
192 27
244 46
546 533
431 409
386 762
770 373
315 698
421 638
958 854
20 968
999 528
572 18
633 66
133 850
140 103
385 760
50 325
96 26
584 30
875 10
702 262
781 620
292 343
207 570
732 683
596 306
197 577
157 219
12 694
136 765
373 148
297 560
744 625
222 576
248 202
100 387
721 751
298 485
257 36
790 999
485 475
39 887
576 353
506 315
67 466
29 991
239 340
282 317
338 890
846 297
28 484
63 192
27 379
55 296
615 486
566 930
582 644
862 925
275 169
211 158
867 390
1003 109
363 179
689 646
645 246
234 232
780 559
948 843
445 266
313 769
677 465
1009 184
570 312
81 414
186 739
471 548
808 355
824 629
791 516
108 299
851 723
237 222
400 597
538 440
782 718
530 988
684 469
562 285
715 451
654 77
394 189
988 812
644 511
535 704
206 434
205 9
785 641
788 441
330 805
153 953
901 966
159 400
328 86
857 936
761 91
77 782
97 279
233 167
666 461
113 512
166 242
574 656
987 377
348 401
291 689
605 320
480 44
376 48
776 330
827 68
500 737
937 937
45 996
179 796
581 25
426 499
621 397
884 93
150 111
383 594
252 990
253 623
923 396
320 543
963 711
281 243
547 161
777 886
31 14
172 846
972 980
443 814
695 455
1017 1017
1 453
48 24
416 933
427 544
413 115
432 778
16 583
256 789
1013 156
807 423
532 930
659 362
862 771
684 34
934 229
83 444
104 274
836 525
362 765
607 159
762 343
600 905
683 647
365 982
973 561
339 231
652 897
638 301
182 220
374 1002
542 835
218 271
388 746
502 464
96 108
842 573
910 214
618 473
227 213
466 957
585 453
459 832
950 994
319 486
224 175
175 708
352 249
743 667
565 535
596 463
882 720
923 211
61 642
725 290
986 624
731 71
1014 151
626 893
105 873
1000 843
295 903
228 999
348 595
520 885
621 695
369 242
545 177
996 699
343 544
604 587
521 275
606 874
385 178
313 922
26 891
837 326
457 1004
944 197
499 585
648 322
454 152
207 939
799 671
52 557
1008 368
349 118
853 660
372 543
324 201
830 802
682 329
802 1012
897 73
878 966
4 597
702 929
424 745
528 819
24 215
111 495
36 991
765 33
188 120
199 868
527 869
149 833
663 492
965 712
189 875
23 611
664 305
602 887
955 499
148 761
917 538
915 188
977 483
247 484
321 984
821 402
999 693
301 347
970 890
540 586
163 1015
124 53
628 42
183 583
806 837
493 372
241 1020
588 985
419 16
290 1018
949 378
1019 602
261 696
669 238
265 758
635 467
370 956
570 559
110 572
597 721
566 168
462 965
929 379
847 358
216 251
980 936
442 731
587 17
460 415
531 504
550 815
425 14
693 763
752 207
863 978
529 212
834 15
700 350
125 604
593 126
360 850
285 365
590 371
584 140
773 656
736 900
391 250
819 383
253 102
595 107
214 539
1007 867
581 882
85 99
480 886
713 836
58 969
657 513
928 63
440 864
803 433
276 713
115 878
9 613
340 685
489 59
394 762
722 724
801 603
328 432
640 928
212 997
439 870
255 435
136 799
18 19
347 449
946 933
1021 976
187 411
538 710
361 2
211 243
94 877
515 280
927 663
674 826
494 702
418 144
854 865
484 579
118 958
164 803
727 169
468 307
890 880
958 136
435 160
681 860
193 594
179 150
405 750
516 247
902 608
443 460
68 932
524 623
753 518
446 528
406 490
198 618
519 407
666 798
398 673
277 511
869 522
1018 519
428 254
320 675
983 961
508 847
38 848
71 440
932 527
306 122
429 289
578 701
833 507
380 145
123 400
239 809
70 269
948 401
420 804
656 185
699 752
162 913
631 454
981 592
461 698
492 753
176 193
704 770
828 986
729 589
132 866
20 281
1015 111
392 516
952 944
577 135
881 691
237 788
895 510
775 1009
601 351
871 898
384 472
870 101
346 477
756 304
677 157
501 355
14 138
252 822
609 664
259 41
968 665
896 336
721 286
2 694
715 430
44 717
229 292
777 110
547 442
536 654
194 636
849 688
173 707
55 13
141 93
310 593
703 834
92 114
197 596
278 892
318 584
1002 884
876 302
526 439
1006 759
814 393
711 48
696 475
238 200
467 780
248 741
988 222
716 857
396 1013
203 840
471 239
619 830
646 812
553 95
65 221
723 337
246 226
781 25
195 825
330 845
329 529
940 296
1023 51
225 333
633 740
192 323
535 744
612 4
522 44
625 531
539 416
377 195
829 0
84 895
650 459
28 298
839 285
546 35
452 954
995 904
208 40
156 777
15 429
415 925
877 129
796 950
116 288
445 899
1010 795
47 980
426 398
87 1019
844 633
458 571
975 208
474 334
355 729
517 641
572 246
60 610
184 578
694 601
574 481
832 346
33 971
583 232
22 461
1020 94
907 807
210 28
133 88
795 82
755 820
939 818
254 236
29 768
726 614
513 977
45 748
232 970
734 202
900 754
909 458
325 612
155 808
778 341
697 438
908 291
690 133
302 871
279 506
481 644
692 910
899 682
957 588
823 255
178 295
865 61
280 366
764 293
644 37
557 1003
72 631
371 86
486 276
333 103
883 340
490 166
206 413
402 1005
291 390
17 921
171 115
913 520
745 457
941 733
344 549
41 783
730 811
717 420
567 131
98 84
639 60
50 782
34 945
872 7
77 854
984 718
138 412
605 325
422 363
921 316
594 547
712 955
945 219
174 1
338 918
257 615
660 485
196 841
337 942
579 690
409 638
226 462
817 49
205 616
751 967
304 652
525 791
898 653
145 388
75 1023
309 81
563 287
1004 998
620 908
744 569
680 225
889 176
827 284
788 1010
783 863
245 318
311 127
805 179
838 790
685 634
464 79
69 983
49 580
1 505
135 881
1011 550
390 451
701 491
271 855
364 831
353 419
767 772
675 210
100 646
850 100
679 1014
46 410
649 558
305 728
213 500
233 503
242 946
537 859
1009 827
642 909
97 235
707 626
636 282
953 774
251 391
509 381
478 700
297 672
798 906
866 556
354 883
998 537
804 907
705 206
766 949
732 514
943 640
956 139
202 447
260 548
287 940
414 425
86 734
826 466
810 370
13 268
963 143
288 90
924 479
790 704
114 314
668 742
282 823
617 11
616 508
822 204
106 1011
417 582
172 403
219 55
456 703
787 658
982 283
358 227
258 248
403 937
858 27
926 670
473 599
350 471
641 630
746 469
53 324
236 591
505 260
129 191
117 364
654 813
792 399
43 116
741 705
73 542
322 182
760 606
867 427
35 622
747 747
972 348
794 532
776 344
780 725
389 112
852 975
630 386
511 692
610 849
27 359
935 764
475 216
217 83
240 24
759 465
16 76
63 714
517 754
408 910
485 365
639 674
805 650
725 791
44 604
228 4
293 138
914 840
933 864
759 431
486 241
198 223
184 845
69 161
358 111
825 1011
773 516
329 407
219 761
272 833
1 526
761 461
427 225
787 525
280 968
98 0
723 278
304 264
447 548
777 697
789 36
247 966
552 612
404 901
953 855
917 887
685 736
835 177
653 252
309 35
620 283
350 100
575 843
691 89
56 494
589 738
986 245
946 74
472 841
9 919
331 281
544 694
644 633
1020 5
1006 668
220 159
320 11
994 133
562 324
801 473
241 211
196 78
971 941
423 672
587 1018
811 948
8 222
96 30
415 954
964 302
156 121
944 328
412 975
16 59
192 939
569 611
920 430
122 354
564 527
616 782
331 308
560 227
1001 562
129 8
709 225
624 719
971 99
21 224
636 58
681 861
877 624
373 460
449 459
1021 208
474 327
539 79
598 758
936 165
1007 749
310 427
477 444
993 680
47 1008
151 267
607 152
273 737
303 811
14 805
847 1020
667 880
510 813
446 49
502 629
35 1005
921 472
252 564
852 473
321 303
451 585
981 349
425 988
202 545
710 288
809 334
499 679
277 642
357 738
221 30
115 108
865 625
742 568
600 332
791 264
16 261
345 900
42 810
418 613
508 37
135 123
834 992
188 747
170 128
0 354
468 927
352 138
917 756
639 390
398 671
119 736
95 715
380 312
396 538
219 935
50 1016
166 814
506 322
90 704
740 257
913 44
32 63
256 264
156 432
67 169
911 479
187 996
583 68
573 718
52 214
829 408
731 179
433 798
848 165
819 615
43 135
239 758
172 748
475 429
337 895
722 999
936 915
750 222
441 733
117 782
533 205
971 72
679 719
809 899
143 79
20 870
959 144
997 472
837 809
407 272
498 85
523 363
255 744
125 649
710 663
58 802
931 589
592 487
405 898
636 710
940 351
161 842
721 240
328 543
962 619
444 490
941 890
998 36
901 638
557 652
357 833
287 343
944 794
754 226
456 133
880 527
840 95
902 974
551 742
707 510
897 209
100 508
266 784
205 800
383 10
939 453
604 157
499 706
503 394
408 499
78 156
286 540
415 961
981 679
372 532
158 932
83 610
538 17
271 520
955 452
591 174
976 278
873 577
471 67
876 772
815 118
539 914
191 97
490 591
759 305
978 21
320 620
461 419
932 956
480 258
295 344
169 62
702 626
553 576
66 1020
956 15
82 476
784 127
690 239
918 597
733 410
319 399
69 528
608 196
349 113
432 229
688 297
406 897
601 934
421 320
1013 856
1015 423
667 333
317 849
123 519
515 524
816 1011
530 433
793 763
378 416
634 286
858 235
1005 308
312 648
36 730
350 823
640 330
134 340
300 200
790 424
1018 846
631 402
68 326
417 275
536 42
704 38
304 350
282 724
91 244
434 295
854 883
367 680
550 478
952 891
463 860
41 602
38 191
670 342
140 957
321 943
491 464
136 357
381 18
578 816
137 636
440 677
554 359
131 869
611 605
637 993
30 859
716 683
231 530
377 349
249 920
857 1009
379 488
566 513
673 896
347 925
624 27
758 583
949 866
253 569
374 703
900 274
454 291
677 77
726 186
851 151
192 317
691 848
589 635
88 600
527 851
315 764
990 134
260 116
632 618
235 931
419 304
992 211
175 950
792 586
588 579
360 34
285 484
201 377
761 463
280 575
509 57
422 236
945 83
278 734
510 413
801 785
904 659
675 529
258 997
462 152
866 306
526 255
220 339
609 901
1003 655
629 435
194 389
215 505
693 223
384 415
853 979
645 425
48 406
204 495
464 140
954 726
519 78
16 865
832 1015
505 1019
145 767
174 214
359 23
668 590
742 995
106 47
972 861
193 613
297 711
659 466
140 837
631 471
263 218
292 825
194 836
935 50
416 303
644 263
192 691
353 619
822 427
103 918
863 486
376 571
779 611
674 662
300 616
1011 809
645 156
810 500
881 171
954 190
562 913
718 199
855 799
998 777
627 19
440 340
726 620
270 536
955 784
12 853
652 189
626 713
601 431
778 621
877 48
423 515
325 354
559 414
231 335
1014 700
740 776
780 365
424 137
721 310
180 894
774 257
242 482
553 437
382 454
641 978
671 211
355 330
723 1016
125 111
847 668
649 863
958 726
443 223
932 638
664 92
602 238
206 792
278 1001
389 908
922 936
381 643
841 676
917 516
117 707
25 572
992 167
801 974
861 705
370 782
875 21
189 134
679 79
480 682
1009 287
187 554
531 773
672 929
896 81
146 280
504 433
126 664
33 370
565 207
51 549
114 84
441 519
676 331
188 578
925 241
880 891
455 440
894 880
864 321
484 295
961 688
64 436
502 337
237 350
514 305
121 1017
260 163
689 56
611 766
246 181
785 317
335 581
229 604
870 393
27 746
604 100
321 701
620 182
636 919
24 484
836 341
223 925
434 770
625 90
941 803
663 497
758 476
835 953
378 114
199 976
486 343
186 992
108 5
830 964
635 842
395 855
574 1020
764 574
919 871
713 491
586 450
934 528
226 503
410 275
4 255
851 568
976 813
179 951
251 564
963 419
943 307
82 266
280 109
215 87
305 389
781 478
95 1012
303 363
815 250
916 890
383 297
956 649
130 628
550 122
621 353
931 800
978 173
73 693
839 106
497 914
891 1004
30 417
277 147
725 576
797 357
910 920
107 443
1016 723
247 906
548 161
511 1002
746 401
459 522
127 805
928 133
996 158
442 220
572 518
407 483
585 795
899 612
546 15
543 71
372 916
473 301
624 316
22 356
347 165
343 980
80 602
821 377
518 328
208 535
425 869
113 661
361 924
227 314
162 671
795 42
438 217
640 196
615 490
306 277
46 709
141 586
761 768
662 600
135 567
1021 629
860 358
163 135
639 271
879 679
168 660
968 804
469 533
89 44
728 1008
693 326
318 93
310 98
295 753
491 226
918 751
375 868
760 270
65 267
900 909
282 418
331 95
59 511
642 378
818 569
42 298
938 37
379 587
1 987
729 6
859 715
44 538
477 570
599 82
790 689
390 789
739 736
528 499
364 410
752 153
337 101
399 74
809 318
327 760
661 944
591 143
118 583
929 962
554 645
352 86
901 346
98 728
11 140
60 840
349 617
252 677
462 864
417 338
105 73
430 380
507 142
753 339
523 521
750 2
243 699
90 457
905 235
654 108
99 62
446 421
971 185
757 802
983 831
53 672
128 942
933 646
885 780
404 529
646 959
150 72
560 579
775 502
597 540
281 876
701 1010
1006 164
396 452
92 692
719 735
1022 13
136 11
969 180
143 598
152 531
177 434
96 177
803 119
509 815
907 387
406 245
308 406
350 886
993 63
1000 296
541 603
558 54
257 932
508 342
680 870
854 89
813 251
623 759
216 640
388 966
747 496
913 493
110 510
210 878
317 290
225 985
660 999
568 653
741 272
371 963
254 614
408 262
283 391
977 934
557 956
397 584
966 398
666 268
138 702
414 680
426 729
268 479
897 25
712 644
665 761
212 150
244 828
911 97
94 219
155 829
403 655
463 801
311 730
398 791
889 68
588 125
964 550
593 793
959 465
471 123
139 971
271 385
551 336
142 188
458 757
884 455
763 850
908 794
592 430
240 824
181 117
556 355
120 889
190 239
39 35
6 273
466 53
40 222
517 325
569 118
950 937
944 1014
669 954
930 698
819 670
344 948
365 312
475 873
34 28
786 195
301 979
330 752
29 845
291 710
513 983
465 152
418 179
837 16
1005 597
154 832
788 627
516 46
14 747
842 154
980 375
312 229
629 991
453 508
687 708
224 783
949 648
498 589
373 459
874 866
831 155
275 0
62 755
328 397
314 903
827 675
23 269
123 52
995 566
276 922
895 206
10 448
67 67
829 200
451 636
552 865
606 403
706 607
914 131
1007 445
313 367
632 626
868 282
882 899
195 625
119 772
582 481
366 470
610 392
161 532
711 232
609 422
771 697
912 99
869 334
3 610
888 504
806 839
386 113
279 139
886 359
769 892
173 996
982 24
563 51
75 1007
994 973
736 66
253 748
166 399
419 685
476 58
228 941
720 274
54 981
614 632
965 309
776 396
290 80
493 14
433 498
974 718
87 939
256 208
872 785
320 400
385 1005
302 967
598 835
427 345
814 205
681 652
555 921
26 233
820 265
816 745
892 442
362 911
834 463
70 872
219 136
570 810
705 88
951 333
109 157
756 658
909 306
633 447
848 609
696 512
85 706
985 923
749 990
326 744
677 737
986 665
759 327
519 631
605 505
549 361
850 428
49 970
846 364
124 302
17 940
683 45
638 624
527 384
329 451
793 349
957 556
175 236
525 506
450 57
116 187
377 986
580 790
402 547
340 347
812 204
979 749
171 565
233 901
714 854
76 170
539 94
157 771
470 475
692 552
323 467
808 930
673 469
647 719
533 128
345 686
656 833
266 947
678 413
906 851
709 362
731 539
804 542
319 530
447 453
743 846
391 582
791 34
79 202
887 738
989 242
707 344
535 103
492 821
545 1011
715 798
1019 896
461 252
1002 599
990 240
789 712
449 464
534 30
844 379
824 551
454 764
222 107
0 27
630 227
316 348
45 210
583 244
772 394
973 695
984 593
241 141
267 812
800 501
487 76
273 409
675 408
336 426
368 585
304 18
658 814
86 758
667 60
762 10
730 543
937 444
547 694
102 183
833 249
153 77
185 517
411 972
392 411
501 285
164 559
703 526
940 857
1018 946
159 838
265 258
811 935
239 458
575 765
201 323
131 683
530 230
452 622
521 743
144 580
445 816
78 684
9 477
734 830
149 487
970 256
167 788
182 85
413 1022
129 472
235 20
203 175
490 373
299 292
339 667
8 55
953 329
648 278
20 945
843 555
688 41
48 75
32 879
71 769
380 172
576 1003
245 432
287 129
28 867
622 284
717 485
307 594
796 26
249 386
697 441
204 178
238 943
405 977
156 300
52 823
856 488
332 254
213 43
898 560
579 22
35 148
865 912
737 115
57 184
342 70
981 311
485 509
217 808
823 376
315 320
387 527
421 390
437 822
288 537
93 666
56 520
432 849
807 130
616 673
322 4
904 900
724 1000
284 299
77 429
704 360
540 132
612 492
360 573
97 383
828 7
947 313
600 601
294 727
695 596
178 489
184 17
324 116
18 253
798 647
394 989
264 915
524 524
214 994
700 169
289 1021
261 146
83 888
31 435
589 938
444 591
1001 110
248 1006
134 40
104 291
428 192
708 856
236 439
100 138
520 642
363 641
88 145
751 774
478 742
924 64
987 264
581 608
351 112
506 811
202 933
503 31
849 1009
68 557
221 681
415 315
338 319
777 423
596 740
1010 634
685 563
122 858
716 847
890 817
13 558
191 957
988 731
722 907
927 234
805 388
69 449
7 897
878 650
595 446
999 534
773 561
19 669
825 910
826 166
36 213
55 8
923 722
483 59
537 374
488 69
945 332
657 637
37 905
682 61
132 246
262 105
655 796
732 750
205 525
866 216
840 523
5 3
594 193
420 495
529 606
176 121
893 893
876 124
341 993
768 721
754 198
637 324
710 149
857 969
259 955
66 243
258 404
512 960
526 663
946 635
783 843
608 372
564 237
91 460
960 732
948 231
47 407
867 725
765 425
496 762
50 468
61 545
112 294
1017 883
169 248
991 720
744 91
72 247
255 806
412 797
309 984
1023 151
170 368
686 575
566 734
197 887
727 756
561 507
578 926
499 351
515 49
755 102
650 159
137 225
232 366
369 462
16 932
764 32
855 947
182 525
774 291
573 98
909 751
603 75
44 305
204 562
712 687
557 730
33 929
544 597
814 573
259 51
532 19
327 551
109 200
23 675
417 711
777 93
760 965
906 563
108 383
363 476
766 123
957 713
294 8
210 768
673 586
348 860
99 116
221 430
716 151
560 208
203 739
113 315
450 599
283 492
274 651
648 872
870 316
381 374
485 822
709 696
507 95
155 688
884 997
132 951
621 416
69 391
215 131
780 662
137 386
106 771
833 420
39 428
622 787
639 809
90 275
352 369
207 810
343 46
809 453
998 172
756 462
677 726
151 133
129 560
570 459
742 361
9 568
482 145
50 754
719 932
979 956
332 379
334 504
940 849
695 839
458 232
837 207
416 968
580 292
926 162
439 722
722 791
152 706
962 380
168 59
214 623
284 344
247 159
512 917
262 257
53 603
206 693
731 30
759 653
1018 971
451 851
198 837
59 226
92 358
568 244
843 320
986 211
827 431
58 544
662 894
566 447
992 545
542 924
136 451
991 441
547 978
98 477
260 409
922 885
157 454
980 870
235 762
393 828
396 484
346 855
85 117
894 468
197 585
133 502
651 927
237 356
440 916
1001 222
848 804
559 567
528 27
519 308
563 177
498 348
839 67
638 772
783 260
303 109
824 819
464 57
515 483
963 426
885 279
706 720
453 587
1002 590
376 692
904 954
984 869
432 22
430 395
299 194
76 838
947 930
757 351
782 396
956 124
795 367
26 5
253 770
466 105
552 137
378 949
178 678
735 977
61 781
410 786
812 714
771 914
908 501
932 512
729 880
385 658
480 490
242 547
647 60
67 382
64 572
694 65
752 71
285 439
705 440
286 41
158 550
140 1011
846 790
878 830
518 215
576 537
804 153
912 371
818 574
426 524
91 823
476 944
322 672
674 154
455 242
292 221
230 801
966 955
835 707
592 542
939 375
684 227
897 725
469 806
154 444
354 433
636 252
34 345
459 636
501 845
930 202
994 471
868 732
7 245
156 342
146 144
733 650
549 176
616 608
691 236
218 389
708 233
596 702
791 438
494 611
252 139
704 972
866 635
278 1003
366 309
434 301
457 362
331 370
421 527
272 284
487 286
36 12
1021 908
524 974
834 2
546 91
264 558
96 911
5 640
921 327
365 412
841 859
1003 556
287 475
75 831
946 746
720 268
436 311
657 400
241 983
781 632
326 631
714 664
17 99
892 265
217 235
509 121
736 564
594 862
128 666
189 306
715 350
350 328
360 42
521 261
588 269
22 507
422 267
102 136
56 341
917 737
741 134
530 494
770 941
388 1
640 741
886 570
377 141
579 294
976 937
123 663
57 733
347 499
612 878
556 918
836 892
822 485
923 456
31 718
858 1015
372 881
537 307
772 680
697 867
826 464
499 883
306 824
126 90
686 721
823 710
251 813
72 584
649 689
11 893
461 192
569 102
723 213
861 289
1019 249
491 576
981 495
635 15
608 449
428 505
404 243
543 52
676 223
74 812
520 357
500 339
1016 469
905 1009
689 443
412 909
599 343
828 70
859 773
386 18
724 122
143 16
308 4
656 594
279 164
276 993
147 43
601 905
66 875
1014 789
148 126
614 160
138 422
70 682
12 84
187 757
820 106
43 486
19 648
753 935
232 191
789 625
821 334
641 998
199 364
610 425
851 553
541 39
660 333
567 677
517 198
337 853
743 411
589 1023
924 729
699 381
364 561
389 448
899 203
558 865
973 630
763 827
734 68
304 193
213 847
423 644
907 699
405 671
71 645
313 704
613 498
959 774
94 365
510 848
333 107
424 157
124 455
931 817
216 891
112 959
659 794
144 161
655 61
700 515
629 312
275 338
901 925
21 617
970 366
675 975
903 776
672 518
309 330
2 571
952 536
849 79
758 372
84 1021
118 88
993 950
395 435
483 246
807 355
479 288
949 907
380 566
933 183
171 26
536 346
349 13
32 378
399 961
300 511
273 253
195 601
320 805
162 384
911 785
597 50
584 765
160 784
484 399
516 539
867 376
266 888
236 167
29 463
0 854
997 72
988 841
435 643
398 259
201 612
401 190
668 595
185 614
525 569
995 24
937 649
375 195
159 149
508 290
116 966
87 582
853 514
951 850
212 80
325 777
721 127
948 602
387 237
805 238
209 262
652 303
746 531
935 293
297 799
808 621
887 655
860 256
169 55
281 82
813 642
392 287
591 610
609 528
338 667
1020 703
150 473
465 209
891 600
1004 856
534 173
502 442
263 952
611 461
186 283
815 66
606 340
615 178
369 578
6 436
944 743
865 143
181 874
844 970
1008 1004
149 335
80 816
328 465
130 1005
239 274
650 387
767 973
291 963
460 622
965 825
941 352
442 669
370 64
665 656
358 450
646 800
223 434
119 401
407 758
290 996
945 615
269 752
595 118
687 354
819 488
454 967
117 28
224 96
402 877
418 97
632 216
811 228
170 759
958 347
60 429
437 953
564 73
683 616
196 900
832 899
205 811
796 796
717 201
871 218
739 295
974 402
234 779
73 1001
642 904
847 681
486 879
355 832
653 915
856 923
802 1022
670 101
246 398
880 234
890 668
314 282
896 763
643 407
296 324
362 258
219 496
183 513
784 987
258 460
513 81
538 445
77 248
968 665
875 833
312 619
505 897
972 169
943 45
180 100
394 637
231 922
690 679
625 427
531 834
335 331
481 1016
164 991
456 946
1 92
854 299
785 852
419 926
626 300
990 715
929 579
585 174
468 684
256 814
953 310
383 555
582 620
955 606
100 626
397 986
857 29
298 992
13 38
971 403
799 410
631 593
211 818
790 709
271 83
618 114
902 943
737 994
1023 890
1000 87
800 298
555 510
244 491
874 368
142 778
938 557
727 397
289 857
745 533
88 559
562 413
798 76
310 516
329 33
928 694
414 125
877 523
624 392
872 895
14 844
551 377
52 168
627 529
166 767
593 132
475 297
359 130
420 764
374 734
840 231
227 1017
474 152
345 156
193 820
153 745
188 788
462 613
492 487
163 807
446 113
561 94
248 1000
427 181
728 548
24 480
433 735
316 1008
850 1006
254 646
587 708
779 960
403 212
806 780
842 836
748 887
571 104
630 34
463 605
104 481
506 489
174 902
321 910
342 158
738 349
707 171
816 500
710 3
535 724
477 747
30 755
305 482
879 385
191 744
208 517
831 674
438 783
443 861
762 424
786 519
179 74
473 552
324 985
175 457
620 323
711 278
194 797
413 976
845 314
425 884
1015 659
79 115
105 129
725 418
598 712
1017 266
732 936
667 748
987 921
200 740
89 842
914 596
261 701
751 470
803 47
661 196
876 467
351 108
127 581
533 224
680 984
277 697
302 217
504 1002
371 322
220 276
523 421
688 673
101 843
341 760
115 241
107 988
400 866
267 10
503 503
575 474
954 846
344 919
176 654
353 532
778 77
452 304
898 204
873 629
4 408
574 990
42 864
565 736
165 906
913 337
48 148
78 738
472 638
238 604
554 277
384 945
339 54
678 497
637 957
139 205
379 506
577 803
307 815
390 229
222 86
701 103
63 432
545 44
134 903
3 329
950 225
449 979
120 731
681 419
441 980
829 423
703 826
967 657
644 896
713 901
409 540
257 405
37 766
761 1020
495 14
696 271
470 6
718 589
25 49
881 868
583 934
645 63
765 670
488 219
1007 577
685 753
357 388
817 808
910 62
1009 526
882 40
97 493
240 795
270 373
471 958
490 633
996 58
989 792
408 627
1012 247
900 180
323 1014
754 969
229 296
411 761
744 140
45 273
184 56
628 999
669 479
581 690
918 230
135 840
863 184
54 1012
361 179
1010 326
255 414
862 142
496 20
226 546
936 360
572 541
540 1007
41 251
55 446
1013 641
511 700
590 750
698 240
445 522
671 186
964 285
110 210
888 871
960 782
852 17
977 147
382 995
318 9
121 793
919 85
604 69
68 821
1006 390
190 628
550 452
81 111
478 634
999 206
249 723
15 36
245 939
692 580
315 255
749 575
787 78
47 889
114 962
883 458
969 37
177 685
172 913
368 598
319 48
301 321
982 938
916 199
49 683
793 197
586 676
415 520
330 931
467 1018
311 250
86 933
125 509
406 0
961 393
202 521
27 898
553 166
93 508
16 775
740 705
20 302
539 35
448 417
131 719
925 661
373 89
838 318
489 353
775 187
35 565
529 478
51 53
693 691
1011 639
40 530
864 415
268 437
825 727
801 882
893 7
10 592
111 863
773 175
16 870
143 737
869 593
643 869
521 816
412 471
630 1016
841 172
306 513
1006 337
991 698
591 908
380 400
441 538
913 28
72 41
582 366
886 99
458 425
351 210
584 684
432 214
860 550
710 390
170 58
972 653
200 399
815 39
1023 758
531 474
440 114
749 115
362 775
661 178
522 239
256 24
614 935
58 964
254 913
1016 863
955 904
738 996
160 724
392 777
359 249
135 219
903 259
189 185
16 67
787 431
800 4
453 253
651 976
215 263
687 441
1010 280
307 813
174 361
966 37
417 275
599 45
759 613
185 161
855 740
389 533
164 258
133 98
105 741
802 919
385 716
626 567
68 738
1000 845
491 640
571 1002
149 296
989 794
1020 595
277 333
502 104
498 783
339 388
117 1022
819 163
368 997
844 53
696 639
928 821
565 494
781 844
535 945
863 274
370 977
181 432
342 987
597 695
283 301
436 934
954 377
609 805
964 842
50 81
617 430
318 762
746 989
587 55
744 236
575 676
816 44
631 730
241 169
349 859
102 419
169 568
762 433
734 856
290 949
303 287
123 554
157 220
486 175
183 197
735 309
916 616
664 108
808 69
992 465
35 505
756 709
166 865
456 434
302 134
576 245
865 953
987 394
523 247
945 824
175 836
758 795
678 657
988 435
926 470
747 748
873 680
625 761
764 305
52 847
364 621
176 100
806 839
462 174
447 345
163 867
894 12
780 2
148 76
826 363
854 659
947 495
766 421
1015 135
214 569
784 804
53 559
621 986
320 502
474 552
395 339
977 250
446 784
206 285
120 234
933 841
28 980
85 209
515 222
943 828
715 396
693 241
772 93
196 97
635 651
671 284
1014 303
957 819
793 478
492 981
999 607
379 702
527 120
311 606
883 832
464 984
691 717
737 235
113 954
270 119
564 359
703 547
783 409
19 207
221 983
595 192
640 750
56 288
137 202
197 475
980 398
481 870
471 751
317 668
107 226
193 300
627 105
638 592
386 743
944 426
141 685
313 658
249 294
562 888
789 670
261 356
971 322
399 561
707 517
382 292
924 969
848 481
478 979
589 544
366 148
969 1009
63 655
810 765
773 692
876 3
777 705
168 630
518 293
540 708
182 920
285 860
807 540
953 130
1004 360
476 84
110 866
80 696
729 597
115 674
647 170
725 654
44 70
577 218
509 145
291 438
573 82
134 412
730 721
899 11
851 994
553 601
520 742
457 260
460 444
914 493
740 113
751 959
662 445
796 238
708 325
373 880
227 23
0 162
165 416
590 456
700 525
329 956
606 188
660 916
234 522
27 707
572 548
618 574
805 770
681 244
1018 92
958 557
41 443
961 629
409 972
778 535
998 137
449 237
1002 472
721 496
59 720
89 732
842 671
404 652
923 623
477 411
435 862
94 365
610 829
688 403
336 204
242 380
375 290
682 166
950 369
559 952
921 875
454 563
90 262
459 382
712 511
946 1004
126 1020
962 942
64 971
204 482
505 282
276 109
636 357
77 577
78 184
305 825
654 340
717 212
347 598
909 31
173 798
818 265
84 960
74 728
387 252
394 243
733 602
542 628
156 918
354 939
468 487
960 605
619 132
418 948
273 543
272 999
612 257
332 355
726 1007
836 413
767 147
463 576
226 215
42 386
694 392
649 334
199 56
264 122
874 371
415 649
341 735
656 72
378 641
782 633
932 332
949 455
1 891
258 384
519 892
268 466
433 231
731 691
644 944
551 79
448 304
266 46
679 78
795 248
895 786
6 729
771 404
648 520
508 1018
328 926
677 604
358 662
797 328
585 726
304 13
1007 7
877 712
586 180
867 961
155 849
938 609
499 477
698 314
929 982
201 800
624 103
743 448
483 549
770 1000
194 530
250 442
616 65
538 793
982 291
75 581
10 883
301 154
1013 350
398 106
951 242
167 189
61 889
857 508
948 797
288 95
284 156
350 789
546 144
198 923
396 706
697 553
685 820
40 790
856 817
37 127
54 713
472 678
333 975
274 645
995 988
99 450
485 837
813 348
222 871
566 780
741 29
437 562
702 588
504 776
466 217
934 710
162 273
337 112
171 254
402 447
601 731
871 539
846 990
205 391
1008 749
503 107
615 289
1019 663
31 417
574 572
861 619
211 225
881 150
839 874
775 278
67 121
45 36
611 518
416 407
692 704
776 927
97 51
834 73
833 799
73 719
473 160
494 336
195 715
334 395
103 186
568 675
352 912
736 929
188 627
429 734
423 846
281 809
161 879
145 526
506 152
372 910
581 267
111 622
316 890
400 634
925 643
788 551
92 176
219 198
106 347
774 745
428 232
683 123
543 42
517 223
146 424
890 768
299 96
983 20
158 861
439 970
684 389
180 882
384 131
901 446
186 427
920 937
469 469
210 894
122 75
269 298
3 771
112 853
832 772
853 270
376 18
669 208
1012 181
12 64
868 931
410 313
963 855
794 316
314 452
974 744
479 497
639 739
119 850
296 519
275 473
690 636
912 418
260 808
979 779
15 560
942 111
325 941
356 925
151 752
228 558
407 50
346 579
340 974
915 915
315 423
493 586
76 774
569 85
755 886
510 149
622 453
411 584
956 763
294 545
408 801
608 213
817 410
840 580
223 531
108 624
405 755
704 40
338 957
937 362
898 480
714 647
674 331
139 168
47 126
331 286
835 326
604 1001
32 211
401 201
760 196
1017 0
811 509
344 319
298 788
722 746
809 14
720 165
101 89
100 818
18 233
367 1008
355 437
14 256
125 796
187 77
757 648
879 625
790 1017
267 71
605 151
287 221
244 66
455 536
207 887
251 963
500 857
116 141
430 967
5 143
279 343
43 48
1021 665
532 344
220 86
406 901
786 228
236 138
511 541
425 873
238 807
804 324
620 638
177 383
872 373
202 195
837 229
528 302
243 914
529 255
845 570
779 315
2 483
536 903
742 484
422 381
996 703
484 950
38 385
888 264
237 1023
470 631
602 1
997 615
976 515
265 700
240 1010
668 689
719 838
361 514
761 476
821 354
917 725
98 338
300 1015
750 830
153 528
897 227
127 938
831 276
289 885
537 501
613 486
670 346
695 47
533 43
554 376
8 868
71 461
172 810
129 881
286 694
96 462
91 397
109 136
480 323
184 792
637 54
246 80
159 216
936 140
706 803
21 679
79 157
178 74
927 21
878 490
843 815
555 1021
907 230
812 516
940 193
66 686
952 205
545 372
653 330
763 177
414 364
130 612
13 203
870 791
516 406
83 458
232 831
745 158
501 848
885 930
823 464
121 973
753 19
438 673
209 460
973 311
343 1011
391 378
86 589
360 932
676 374
345 917
475 924
490 142
419 864
711 852
905 965
427 618
70 125
62 327
33 812
990 766
216 1013
858 62
665 5
497 556
623 884
557 962
603 503
11 277
280 6
984 978
655 491
539 318
754 25
60 835
154 32
967 269
421 91
24 1005
390 823
271 240
431 59
801 754
922 295
825 537
321 90
910 626
893 993
443 101
278 555
118 767
36 587
941 368
310 118
225 896
131 375
993 585
218 94
891 642
9 661
567 747
424 650
190 34
530 133
82 814
699 614
657 571
716 946
388 1014
30 317
467 660
357 429
560 521
330 985
208 506
930 299
544 907
179 61
324 637
1011 30
381 898
282 822
488 736
896 895
525 393
970 342
514 454
686 840
728 603
48 991
838 998
732 167
252 681
1022 955
862 457
136 802
295 787
442 200
634 459
308 251
1001 902
593 1003
642 153
444 878
217 722
558 672
203 876
150 179
88 498
489 183
87 155
645 110
231 268
461 320
919 928
230 565
994 594
667 52
689 769
578 1006
452 128
257 669
548 921
95 367
769 756
235 564
377 420
487 35
524 958
253 872
534 714
880 17
213 358
326 449
371 504
1005 573
663 858
985 826
680 261
646 224
889 499
192 124
348 701
140 666
931 566
513 687
675 194
319 764
152 38
39 524
864 596
49 8
607 422
904 608
727 578
859 933
884 307
16 829
361 568
835 575
759 740
659 720
562 292
312 771
589 659
925 879
930 215
734 523
279 387
758 140
325 504
898 532
599 777
857 731
184 446
532 808
376 908
645 601
572 83
460 101
789 555
169 398
762 123
1000 356
188 238
854 979
0 145
556 779
815 256
681 685
177 614
211 209
1023 134
565 125
351 669
43 677
973 653
846 314
275 48
1016 361
596 528
1011 511
23 807
997 381
99 758
132 970
741 220
19 4
225 1022
751 660
468 43
849 702
143 55
922 1009
327 250
479 262
961 115
133 801
824 269
201 340
568 71
855 815
194 138
806 724
788 682
315 602
81 341
165 78
670 688
874 18
640 880
238 28
742 149
281 505
13 482
887 81
520 331
483 27
1015 658
40 402
455 369
623 549
202 420
488 558
217 275
753 786
436 301
370 696
11 826
695 713
343 231
72 776
215 945
189 581
967 66
330 172
427 53
686 193
82 998
101 334
68 518
537 716
381 750
119 67
363 353
273 165
533 775
632 591
826 413
724 883
433 894
96 579
803 188
921 304
78 31
939 640
666 161
428 226
366 280
771 635
541 333
940 0
459 153
525 318
149 239
629 700
581 667
424 870
328 329
64 477
927 461
287 725
998 166
825 225
186 401
905 324
830 794
747 556
974 852
906 498
578 939
917 54
931 618
237 309
495 90
683 626
627 502
190 954
42 751
51 816
284 964
710 247
575 350
941 666
418 316
112 258
761 299
978 160
293 465
605 248
473 363
103 645
837 335
960 494
378 584
588 966
431 409
993 817
254 703
148 68
888 680
280 822
147 294
97 212
615 634
226 665
397 976
860 971
986 963
1005 407
792 107
185 44
976 829
929 854
518 550
30 825
994 486
318 693
538 995
441 69
498 235
203 942
476 406
472 538
300 859
548 158
950 357
787 284
995 629
274 651
779 911
408 535
129 1021
167 208
570 3
385 918
471 173
158 88
271 214
258 273
219 853
738 917
474 996
786 326
220 257
448 458
262 403
592 137
2 177
434 887
375 109
714 380
904 763
79 268
265 757
775 374
316 285
442 302
163 767
346 842
27 732
891 252
25 643
656 426
691 180
227 589
45 34
756 19
394 983
141 38
341 827
774 631
236 476
41 462
399 943
125 872
920 570
1014 793
1009 885
478 503
224 625
480 941
739 89
440 84
628 321
818 951
890 171
505 439
199 151
726 80
235 330
584 489
94 405
364 922
980 25
91 167
990 554
687 200
510 706
799 611
630 514
676 646
817 609
899 882
489 508
222 207
320 327
54 22
117 443
757 132
161 516
22 709
549 11
469 422
48 399
7 117
989 1018
360 1001
39 912
487 892
585 583
70 701
829 980
937 819
900 730
620 82
684 707
425 255
814 884
329 76
313 927
359 473
56 586
613 780
944 33
131 871
616 106
530 944
671 719
708 111
894 755
466 360
711 603
299 35
253 24
62 2
416 390
770 233
664 756
524 411
889 454
856 745
501 384
735 553
607 351
882 244
703 668
919 536
797 370
573 415
326 636
821 930
490 141
526 181
778 594
356 857
365 617
350 949
66 358
155 675
601 812
729 605
639 787
1002 687
1001 692
801 639
36 189
347 845
952 472
720 41
832 804
118 197
571 546
540 1016
591 837
444 1004
374 1007
393 386
669 566
650 389
913 373
18 430
4 743
332 721
166 463
401 484
793 155
369 632
697 459
152 630
15 178
812 52
914 264
348 520
682 464
451 875
109 500
357 867
956 1002
240 62
339 289
263 400
698 789
52 559
426 557
384 792
784 227
660 818
497 947
371 530
564 517
946 196
842 623
1006 368
74 923
879 952
89 366
827 182
732 975
12 681
701 139
700 5
123 638
209 150
776 686
690 844
114 288
170 131
954 266
432 338
35 524
959 811
614 572
151 50
802 119
579 616
467 717
1021 36
992 148
794 348
492 30
5 234
576 985
231 21
57 699
382 933
140 948
344 765
38 440
631 493
6 541
269 953
206 999
173 135
895 271
535 164
637 16
644 563
182 987
322 278
517 641
811 12
868 157
358 633
102 152
872 803
16 378
283 802
513 130
975 735
609 860
198 955
98 647
465 506
696 689
333 377
563 874
122 994
838 727
142 773
267 429
522 126
636 344
844 382
398 169
485 79
983 392
892 359
137 891
249 37
362 598
909 423
113 277
298 468
53 606
933 444
276 300
550 674
87 899
197 147
1004 560
865 695
633 551
59 960
139 110
302 622
765 741
491 734
295 154
1007 790
116 32
150 650
335 684
816 87
108 915
915 265
453 840
417 836
516 698
649 198
419 1006
665 263
256 878
515 404
709 352
673 437
577 218
285 838
781 661
367 179
176 940
744 325
413 919
314 744
368 92
663 905
622 637
499 205
218 375
680 237
270 678
205 937
409 242
307 8
379 521
971 932
655 986
404 926
93 343
20 47
500 295
323 543
764 102
798 254
484 435
331 540
456 306
886 311
255 813
902 855
402 781
311 588
9 823
834 332
861 194
138 862
301 146
144 708
746 349
496 456
303 100
641 487
306 534
154 393
383 931
192 14
766 298
718 973
783 648
504 91
864 671
334 451
642 315
521 1019
679 281
338 576
259 483
694 984
594 385
918 421
519 276
715 310
768 936
545 607
100 809
932 585
86 455
740 416
668 522
216 856
508 159
782 877
126 480
569 1010
445 886
481 969
449 270
130 737
948 436
319 308
672 990
866 431
257 898
534 796
76 846
805 391
377 850
71 620
965 863
354 733
840 552
435 376
597 989
146 232
722 596
228 672
252 958
875 59
196 467
121 993
410 23
618 94
470 104
1018 492
296 774
862 1000
277 136
969 866
911 241
373 70
754 6
772 274
308 320
780 307
527 710
1019 974
509 649
883 121
195 56
403 746
617 893
63 539
985 834
964 613
396 305
260 565
73 478
750 223
437 548
458 956
574 561
957 317
938 642
554 427
446 785
719 470
725 694
968 108
749 345
552 513
502 176
688 544
544 749
748 564
187 491
646 578
841 103
981 526
716 1011
482 895
743 946
24 890
916 805
310 683
652 697
603 704
423 907
528 251
337 428
294 118
309 61
104 303
773 228
28 851
595 236
349 655
266 93
796 383
979 279
21 657
95 379
156 114
972 739
92 865
736 597
84 861
212 49
723 1020
248 412
174 760
885 199
557 644
678 656
658 619
60 957
178 921
810 72
731 246
421 354
317 654
134 612
443 814
207 600
305 73
777 97
1020 806
171 365
662 10
272 63
760 705
871 230
808 190
876 577
261 914
221 569
454 432
539 593
191 187
984 728
292 519
843 417
213 783
878 992
996 168
340 85
1010 592
389 319
124 13
966 466
503 217
388 211
486 204
657 795
702 328
923 293
693 260
58 830
763 925
342 533
450 888
160 346
204 163
606 133
61 821
880 290
962 747
77 726
610 460
463 967
928 201
422 545
845 355
17 531
858 261
626 858
297 663
352 714
546 868
561 1017
634 766
200 509
999 144
1013 86
543 445
69 98
653 364
457 203
44 769
75 312
859 46
884 507
924 162
745 599
135 20
896 272
674 715
737 116
10 662
712 904
282 889
625 60
560 450
800 981
820 810
602 213
264 901
210 902
699 920
31 202
438 843
390 1013
229 587
304 441
180 718
912 729
685 112
580 95
29 372
175 414
289 362
730 929
507 499
869 799
661 759
987 337
951 988
105 453
848 748
168 752
823 475
839 978
836 782
391 206
587 253
83 574
863 184
654 336
47 452
179 471
475 864
411 537
648 142
415 828
955 525
387 127
958 768
208 849
16 250
318 1007
622 885
549 410
494 1019
626 585
484 414
937 848
1016 343
35 417
587 13
377 944
491 813
76 233
240 690
562 580
1017 732
415 292
851 136
602 148
571 389
66 992
97 770
1013 963
90 746
359 860
85 230
91 691
542 335
82 57
48 1022
164 51
617 0
865 191
610 820
794 445
73 630
615 369
989 539
607 1009
776 829
59 548
114 666
833 464
700 508
22 960
37 561
362 818
43 652
665 764
786 684
1014 879
768 17
197 323
744 344
203 796
496 1015
168 855
703 591
280 378
883 359
643 496
527 217
611 56
545 307
881 1001
655 325
960 641
366 78
848 702
567 928
632 209
564 349
49 515
169 656
216 372
673 244
161 366
932 901
501 474
538 895
701 455
916 221
941 1002
165 26
625 596
51 816
475 667
903 711
132 147
550 40
921 783
239 472
407 995
232 886
889 450
681 859
620 475
917 721
490 510
839 83
636 362
835 849
374 210
126 989
526 430
984 915
120 856
1001 737
737 155
34 663
190 274
645 978
759 871
817 77
348 284
283 719
263 1021
163 835
689 443
910 495
555 769
678 887
760 249
919 494
269 552
618 488
773 857
352 375
683 526
427 512
487 490
967 1014
957 610
588 708
686 327
730 6
308 68
1020 207
818 743
647 248
117 35
223 171
306 951
890 52
750 108
1000 187
522 128
716 846
777 605
13 97
925 246
1012 190
974 219
336 839
971 347
234 536
999 707
244 92
480 975
874 18
882 371
462 379
934 243
2 947
21 138
592 45
340 516
291 239
959 704
251 141
766 123
867 140
476 614
228 452
231 870
899 962
229 114
918 449
437 551
772 865
285 300
601 751
406 41
576 588
679 781
591 758
732 103
198 782
440 505
646 777
568 557
297 376
193 143
710 397
466 63
60 260
606 556
791 604
298 639
629 790
458 435
599 38
709 754
238 524
546 328
560 882
811 903
551 535
304 59
301 900
767 117
720 554
341 956
837 883
847 271
900 184
923 950
714 399
771 862
698 320
931 451
702 738
706 70
624 3
134 227
668 102
350 272
253 125
183 470
697 483
309 240
467 30
199 434
399 625
672 544
792 469
370 724
319 28
205 130
800 562
302 697
211 24
958 54
334 303
593 441
513 81
145 261
266 843
235 875
853 309
16 590
612 144
896 241
967 72
996 637
316 216
414 174
911 83
450 345
317 1023
494 491
139 65
102 140
174 343
105 218
409 205
530 398
585 772
457 927
6 488
37 879
637 473
8 350
151 362
413 202
840 486
824 239
598 946
49 278
15 985
497 1013
69 709
73 186
163 123
849 719
467 887
550 777
756 646
221 139
363 219
567 561
807 97
183 537
529 8
534 793
158 61
2 409
649 462
933 264
344 648
860 950
120 378
465 356
261 672
787 861
740 577
622 265
237 910
385 106
524 596
621 103
729 770
415 437
610 340
474 470
776 898
573 184
730 812
745 971
902 424
591 837
288 463
157 739
255 157
936 52
734 67
233 282
645 883
616 703
990 314
268 944
930 755
63 906
770 275
433 875
865 160
143 382
377 643
444 679
167 587
236 237
822 620
480 535
230 934
932 296
834 839
861 266
52 543
747 600
897 808
993 390
741 377
568 979
660 285
760 850
110 982
607 209
379 884
965 608
657 305
885 351
333 412
722 788
19 94
496 728
405 955
370 495
175 914
961 262
691 665
613 551
59 245
41 548
682 250
943 533
481 499
619 381
287 404
424 312
858 700
964 193
299 191
95 809
728 675
419 125
735 991
817 247
462 442
784 730
203 133
665 471
1019 148
966 10
452 989
620 984
483 254
857 652
921 667
704 358
723 510
816 47
815 981
224 657
792 506
404 529
579 498
29 640
1018 299
313 774
808 96
314 965
347 633
917 474
172 1014
873 328
146 493
134 403
878 526
789 308
655 258
350 388
984 905
908 803
677 823
837 727
672 954
767 5
979 78
246 81
242 38
989 481
22 683
45 655
257 438
64 943
87 896
66 661
1022 599
520 552
801 553
692 3
903 269
698 150
546 829
482 170
739 413
595 95
352 45
977 762
738 185
248 658
853 189
84 294
184 178
278 365
523 571
270 909
97 712
408 844
709 118
726 469
32 753
101 310
599 119
887 475
5 153
39 503
244 485
918 903
361 513
514 464
283 466
366 864
448 795
1023 192
540 757
1008 835
871 987
1005 272
611 402
285 851
489 145
479 973
970 653
498 6
195 605
212 416
560 576
796 9
809 101
289 855
580 91
335 287
371 716
963 997
602 787
155 968
91 789
705 15
208 1001
630 630
141 877
531 562
558 364
332 988
673 660
831 387
291 701
180 447
991 428
382 487
47 516
974 846
718 825
493 43
31 341
301 676
125 806
948 484
411 41
674 224
702 260
754 203
606 923
626 255
148 684
472 752
713 678
392 167
111 376
177 892
864 575
695 760
838 63
276 58
821 143
762 331
866 801
814 748
147 90
901 457
563 213
85 46
548 902
800 135
942 418
1021 478
525 344
891 4
721 824
345 512
495 249
153 246
916 854
7 99
987 815
509 307
17 840
920 570
632 34
340 764
890 882
669 717
319 546
132 853
306 765
280 311
569 14
881 84
684 195
947 236
20 36
749 590
35 440
339 901
689 671
490 18
670 40
699 33
609 292
507 707
581 592
603 175
133 156
758 326
686 574
305 817
759 767
969 972
96 949
1 215
330 749
594 791
608 899
48 267
470 697
519 754
82 800
173 597
929 677
422 865
429 761
780 385
564 603
119 822
358 1017
138 162
941 270
150 607
460 337
572 220
14 1007
751 769
188 773
238 986
329 786
13 273
654 159
995 44
207 454
753 117
475 747
312 613
432 1008
337 252
676 200
1010 961
42 107
453 756
818 523
766 847
554 276
779 522
806 452
449 828
359 214
320 798
71 419
986 893
793 704
774 1006
30 947
888 1
200 1011
773 632
227 615
905 723
631 738
461 407
958 259
648 780
982 569
399 206
868 251
999 348
434 664
954 940
516 710
266 458
487 102
293 421
521 453
235 866
544 303
267 622
711 235
294 970
533 2
678 1009
855 964
107 208
318 26
463 93
476 124
68 394
258 941
259 329
92 885
927 711
976 346
418 436
545 50
488 210
46 619
176 1004
336 253
231 293
271 49
397 843
503 519
687 359
378 171
798 886
303 207
351 89
694 534
455 694
269 300
515 149
765 651
526 406
341 24
368 51
1013 715
112 858
522 374
4 996
778 456
983 511
80 127
850 360
491 79
799 304
944 626
716 243
446 316
272 460
106 805
74 115
913 482
805 1022
576 476
202 629
555 288
951 614
931 857
210 545
712 763
786 680
390 876
667 602
502 859
206 277
274 693
50 932
326 792
281 338
393 400
286 389
75 708
615 289
43 612
348 604
273 417
51 309
229 953
972 580
100 492
225 775
384 380
24 556
23 669
428 104
1016 211
219 347
1015 890
109 483
3 818
56 335
551 177
128 525
501 977
28 759
57 929
0 176
696 530
189 682
396 838
700 939
586 433
755 23
1000 547
549 560
179 856
264 509
1020 138
458 11
353 966
322 271
77 415
946 802
703 274
659 472
18 1021
423 758
58 158
978 585
464 450
635 238
44 87
802 297
473 779
346 957
67 322
708 878
398 223
781 1016
980 70
590 833
1006 611
89 408
61 731
412 782
596 477
90 959
431 100
140 429
331 623
693 22
10 744
254 654
710 998
825 490
688 85
720 624
275 841
641 152
1003 290
614 342
81 30
263 1000
38 931
892 1019
447 196
898 496
664 936
832 618
223 28
583 298
16 501
296 21
642 441
232 108
605 1010
55 578
934 628
876 591
126 373
638 881
736 468
1012 750
16 230
877 736
289 190
612 608
49 594
146 320
901 633
973 232
298 639
494 576
670 441
611 290
153 739
513 556
763 590
459 426
130 236
926 629
172 458
957 585
759 245
554 449
810 484
178 794
388 161
452 785
594 878
736 910
369 4
209 148
121 5
774 539
696 316
418 1019
571 605
904 986
103 428
215 414
775 310
994 159
849 485
366 795
910 673
781 967
791 678
182 571
605 716
890 18
407 375
970 86
832 853
295 43
285 157
353 1010
1019 116
82 757
675 567
278 649
900 516
301 72
944 555
642 579
629 614
651 488
858 933
978 627
111 961
232 379
939 790
755 615
489 150
488 1
458 330
746 955
566 792
912 420
603 512
332 1021
305 114
681 948
316 177
638 192
614 586
569 456
390 723
560 717
955 317
544 269
679 506
311 1020
317 307
491 875
113 859
411 226
373 877
937 603
647 805
220 932
89 642
184 959
175 843
998 667
225 378
382 677
243 951
292 368
143 714
282 838
32 40
584 940
646 217
570 981
349 908
924 89
245 84
559 650
960 459
715 24
498 978
391 749
990 362
536 557
415 127
825 533
811 610
137 371
412 443
749 529
716 401
969 963
1013 833
678 455
224 451
395 201
710 758
123 207
947 873
156 184
668 551
790 856
886 580
425 796
1005 350
515 251
443 209
490 365
919 181
334 923
632 998
549 772
263 909
413 367
394 597
272 851
207 133
99 336
234 769
221 882
430 837
155 220
482 643
358 155
719 87
483 111
35 38
254 70
579 85
324 322
804 481
95 635
212 591
585 507
338 360
114 76
578 721
865 995
610 958
15 255
788 687
918 498
181 202
532 422
869 655
429 230
320 144
134 801
949 297
608 244
921 822
203 460
879 733
384 239
188 223
507 726
633 960
864 869
751 167
686 767
441 491
548 292
180 720
829 632
41 1023
404 969
462 638
294 14
574 160
621 121
845 349
718 770
530 100
475 911
682 274
297 503
112 346
820 301
878 125
750 860
812 930
995 319
454 278
148 713
577 997
46 39
322 861
230 526
703 799
91 881
800 927
125 692
765 179
16 5
907 517
809 491
256 53
313 912
683 354
16 60
523 348
918 45
871 569
292 726
408 616
329 713
396 55
216 809
1013 590
434 595
335 326
694 117
460 275
235 829
46 425
772 226
680 634
639 663
319 395
160 696
842 1011
438 588
441 956
541 481
242 362
141 943
316 742
1019 287
210 12
883 940
763 86
881 921
239 156
181 853
328 442
923 445
178 161
606 627
517 137
955 912
25 904
326 235
18 749
197 724
68 144
604 498
24 878
987 682
620 704
145 641
266 614
742 134
855 242
835 34
193 438
251 930
344 467
180 555
840 820
70 202
16 507
986 41
839 95
343 1010
121 1016
522 664
11 943
311 331
661 698
473 181
239 893
16 285
318 883
680 215
331 859
9 667
781 375
464 680
683 748
840 468
235 31
765 758
824 363
833 987
57 114
966 488
693 68
157 444
578 849
805 239
984 804
327 921
417 513
163 910
3 431
338 541
50 383
189 222
544 253
937 794
557 950
317 461
202 589
573 205
805 817
531 441
560 466
384 971
495 665
180 148
921 616
5 395
176 78
125 628
157 803
302 139
283 408
676 24
576 997
234 988
377 179
187 828
60 23
735 615
155 133
265 170
631 970
462 760
208 673
76 237
478 183
77 436
934 516
636 168
738 603
784 53
168 61
295 697
512 443
1013 897
307 516
327 595
421 879
819 392
992 14
619 235
535 746
938 83
469 68
704 169
713 335
260 387
793 295
660 497
304 895
984 626
326 735
176 941
849 989
501 467
496 644
265 231
958 537
190 27
934 60
487 294
613 374
719 58
202 693
403 529
384 732
770 744
374 352
139 795
443 310
918 512
334 1009
569 716
136 877
976 708
766 264
658 350
186 766
584 75
655 210
982 714
776 401
947 559
48 643
536 399
875 356
51 152
982 81
902 122
80 426
629 222
393 15
367 297
1014 563
716 515
552 980
438 505
576 65
50 891
510 139
657 771
505 60
444 668
993 700
783 414
755 50
307 745
758 815
76 275
345 449
20 955
327 179
523 355
848 977
513 900
130 721
1022 953
647 471
293 43
767 185
772 268
462 928
253 772
252 642
684 129
132 271
463 1002
473 295
482 922
427 999
1016 356
50 466
651 815
497 777
434 239
809 137
289 511
72 514
195 856
143 981
82 2
927 660
872 371
695 919
569 135
316 121
436 752
956 200
91 957
917 20
574 323
648 158
268 645
5 12
546 859
635 320
98 910
679 143
280 785
55 124
334 911
603 290
259 820
407 970
657 7
433 970
362 638
553 443
343 152
182 520
590 163
903 361
429 998
682 984
266 975
407 949
215 281
532 520
703 335
655 41
806 871
529 857
771 649
18 549
588 938
695 584
36 431
427 870
321 630
177 299
172 926
1021 975
499 929
951 792
635 31
806 11
424 438
218 382
262 898
849 481
468 802
87 313
661 618
438 323
510 339
962 791
795 214
94 1019
696 450
536 892
429 434
465 919
255 125
54 453
733 716
531 609
645 977
372 273
103 177
213 762
321 962
878 901
1000 675
629 199
85 746
733 820
478 869
559 473
561 766
713 839
424 645
437 730
783 57
702 595
668 109
473 982
584 500
336 743
849 767
390 1011
59 175
454 708
995 702
486 791
676 738
932 142
490 499
827 714
106 477
741 963
766 763
363 187
161 633
31 63
632 400
85 467
750 233
235 846
613 1002
38 1020
965 141
177 333
315 379
713 651
446 355
359 153
1016 399
362 24
813 645
664 502
660 688
998 698
705 541
308 300
122 714
540 1010
238 591
159 987
742 7
328 531
43 820
874 478
39 101
651 330
239 367
30 162
903 805
323 30
937 371
982 324
440 36
118 771
869 209
981 26
819 635
814 390
461 133
119 723
856 139
762 983
706 211
306 724
43 288
351 135
694 376
466 970
237 687
479 778
64 395
302 64
841 272
622 247
920 19
428 349
1020 741
990 447
52 62
557 271
238 836
852 372
226 58
897 952
678 174
116 210
840 457
582 489
5 75
661 936
477 1023
624 979
590 570
621 5
601 461
181 505
846 69
296 456
236 29
881 176
471 948
877 335
199 703
415 107
826 377
649 442
269 586
933 689
758 605
398 327
947 511
501 21
772 339
776 685
401 339
488 910
195 207
522 918
67 318
859 220
570 425
43 815
804 742
953 579
87 930
746 904
760 999
740 695
576 695
988 829
225 919
704 708
660 398
89 242
89 862
544 202
552 996
131 918
994 1001
742 471
117 845
74 751
325 74
100 413
425 350
722 166
104 539
5 543
635 107
918 832
886 163
650 368
188 558
723 999
950 697
792 812
171 842
609 201
265 52
377 887
126 375
974 83
669 452
409 479
338 392
333 824
780 935
848 891
913 563
907 656
106 453
304 163
786 60
563 484
749 424
198 812
185 948
365 418
3 439
123 541
51 277
77 561
433 656
421 269
208 872
102 12
670 381
988 615
313 562
355 765
622 700
846 944
485 819
214 841
888 821
264 124
64 595
824 552
30 138
64 366
867 871
807 869
161 341
617 993
599 260
188 312
151 875
882 19
98 464
2 975
624 1015
431 653
757 708
490 823
394 482
751 417
962 989
1001 910
578 601
759 732
169 269
219 279
207 401
579 249
448 640
16 678
447 869
189 1017
309 810
806 304
786 100
107 584
312 855
664 419
569 640
410 260
379 323
611 317
765 820
961 969
621 776
546 630
476 457
1002 798
87 370
739 983
65 995
575 795
918 67
260 619
962 497
139 791
869 540
800 899
91 549
34 910
582 174
347 365
150 487
792 653
560 88
648 364
676 59
97 44
147 670
917 1022
195 942
329 476
983 833
539 92
649 896
1000 657
242 683
854 7
523 744
295 580
861 850
154 80
460 788
1020 749
141 997
61 241
976 805
954 988
742 935
971 84
912 972
909 610
671 204
515 185
591 803
796 330
422 168
942 605
185 311
455 938
216 265
395 982
565 794
199 72
719 777
1005 901
358 383
319 727
369 591
317 773
304 1011
111 694
981 992
791 503
281 656
641 836
771 931
658 28
859 212
868 20
583 138
923 914
880 120
944 257
586 191
233 766
977 906
163 628
213 823
372 384
67 740
157 71
1004 406
224 10
643 735
24 197
632 622
679 856
694 446
435 314
30 593
785 746
201 962
70 761
512 176
788 461
532 839
901 414
411 43
818 115
734 343
836 570
390 586
677 617
561 236
74 458
752 686
417 180
273 344
238 109
226 319
120 732
197 1021
947 465
585 188
1019 399
397 193
626 275
1007 486
257 829
496 662
599 590
857 475
707 872
990 190
637 638
445 413
236 928
939 423
783 826
613 489
266 762
590 352
927 210
834 649
167 970
842 789
285 318
697 676
631 671
533 33
601 644
955 567
952 720
142 848
727 183
434 612
704 481
132 378
692 25
412 441
357 232
938 245
1009 496
948 572
855 390
640 889
688 468
424 248
326 309
584 550
101 597
449 964
604 818
829 723
858 863
595 175
729 346
418 665
320 599
353 30
764 681
690 267
890 905
956 741
162 714
310 675
810 415
135 769
428 372
321 733
646 402
547 57
109 105
659 802
768 1005
51 200
798 936
571 256
259 172
256 312
436 946
866 45
678 255
221 819
921 620
457 353
42 913
760 128
527 932
815 745
848 613
608 947
995 517
545 756
530 680
491 579
1008 858
363 743
862 36
974 150
772 908
824 576
485 217
180 772
100 813
212 215
624 659
518 561
864 125
850 270
503 359
62 660
596 227
552 348
431 483
715 666
926 529
454 965
75 375
870 69
910 339
932 284
172 474
733 980
570 48
801 718
1011 592
38 1012
277 712
110 146
467 637
645 556
71 507
946 334
863 682
506 94
306 209
243 166
827 395
731 604
361 650
520 726
98 296
465 173
894 328
493 521
232 472
567 398
762 379
602 562
234 523
988 648
685 629
385 994
249 524
625 108
732 235
183 432
301 598
615 987
578 535
725 693
140 473
934 881
741 251
705 589
343 543
808 707
668 564
702 787
299 841
743 817
557 840
138 895
794 132
158 271
188 447
168 42
389 203
756 902
72 448
251 920
290 250
803 557
421 554
663 577
57 112
298 698
1016 880
2 445
745 356
563 603
56 715
892 793
377 211
263 89
88 252
279 770
229 854
724 469
248 509
556 450
179 825
392 844
378 452
540 606
186 917
464 658
891 181
598 842
937 477
1021 121
989 77
69 799
972 609
654 758
462 196
174 536
262 621
258 38
722 944
490 409
681 1004
18 672
384 482
573 677
247 313
779 454
482 512
564 706
914 501
352 748
766 911
341 336
129 54
907 1007
235 903
703 34
802 371
708 240
820 152
881 157
718 268
920 421
114 614
73 919
99 725
355 225
463 462
519 930
1015 110
696 876
812 280
211 99
823 103
529 376
867 874
740 463
758 341
951 765
931 742
607 952
576 62
371 1002
797 56
960 258
415 29
549 989
108 642
1018 897
23 633
276 75
566 91
28 31
219 393
127 338
399 198
542 506
898 58
538 499
728 494
252 985
966 229
79 391
36 692
146 581
231 767
614 459
274 752
444 505
828 49
904 977
997 646
748 993
408 385
897 851
115 187
853 893
214 684
340 362
501 568
555 687
832 329
237 1003
50 569
12 991
486 277
502 358
37 531
137 781
846 269
589 480
393 437
94 295
151 273
134 563
437 159
814 875
76 354
193 113
53 664
683 710
965 61
504 968
933 615
720 127
315 411
481 870
597 555
845 300
982 624
461 717
747 242
558 283
528 527
439 438
837 37
84 626
203 811
594 918
985 783
784 484
250 151
339 514
3 998
159 888
674 74
160 307
386 764
245 571
847 891
400 178
711 228
508 201
893 500
680 898
215 444
551 753
588 859
90 504
426 39
4 668
102 139
52 655
517 927
919 3
25 975
672 386
89 224
623 797
840 431
105 801
359 345
292 17
1 701
223 583
510 366
125 916
819 73
55 189
667 937
993 695
294 674
876 600
305 292
22 289
871 667
328 488
95 730
452 63
849 862
322 246
536 479
198 213
21 114
492 186
841 959
133 90
959 55
131 804
246 264
610 750
275 645
31 272
509 5
170 142
241 82
136 177
367 85
821 519
39 940
763 76
370 685
192 218
627 223
973 433
166 907
655 635
689 948
41 266
388 616
878 221
603 208
651 417
675 1023
442 689
616 784
750 388
117 697
33 156
636 979
409 548
721 533
453 429
44 904
706 394
940 736
612 627
121 703
205 471
657 207
535 382
218 596
327 595
176 508
316 95
413 722
550 202
307 573
222 32
466 363
500 492
360 102
204 877
746 731
261 553
126 279
844 155
432 122
996 1008
489 179
93 287
543 544
895 806
730 860
799 15
324 971
459 861
469 404
647 525
391 40
958 86
153 249
888 11
1022 161
346 87
963 321
17 594
338 149
935 608
826 958
805 442
882 852
468 502
239 424
807 47
456 515
629 435
994 350
709 46
349 522
577 890
693 878
244 790
716 815
354 807
811 131
368 401
835 68
499 24
155 559
889 327
630 233
900 234
128 412
875 754
618 443
60 792
592 845
695 147
975 0
477 516
405 298
559 308
644 966
684 949
473 961
665 538
884 16
187 231
980 728
161 760
945 416
908 324
787 60
406 724
401 470
334 281
113 79
475 368
497 26
767 439
227 297
650 101
483 973
609 934
414 305
96 118
27 984
124 126
336 545
572 566
579 349
526 222
103 226
906 199
770 518
16 3
685 468
801 777
799 843
16 71
1010 42
824 511
861 219
275 471
737 91
870 552
253 465
196 284
1006 8
83 638
529 11
139 803
977 796
14 576
381 1015
956 437
846 428
72 714
886 361
608 984
369 652
850 271
188 943
152 588
230 99
359 332
558 65
889 329
393 143
68 811
447 912
567 118
701 482
843 414
155 46
334 737
502 501
376 937
990 741
1021 331
2 108
81 518
864 150
202 793
610 321
265 34
691 710
198 268
212 571
25 962
510 1018
573 513
120 635
98 66
972 985
670 751
246 31
809 69
136 89
1011 813
810 798
507 740
342 859
51 327
827 893
144 965
645 334
5 359
159 149
446 296
955 692
16 26
67 1015
486 885
123 665
623 394
489 1
450 993
499 531
121 728
145 758
617 102
462 1016
28 295
812 480
527 873
756 802
168 263
943 266
393 86
76 989
57 789
317 672
336 232
381 568
917 576
302 63
43 290
16 106
1003 292
365 466
549 192
885 5
208 737
237 54
287 430
706 67
697 40
735 58
924 8
178 697
655 733
146 19
479 739
385 550
855 21
86 418
897 450
32 173
411 926
12 826
822 490
143 150
11 310
785 521
317 91
518 848
42 689
64 807
1005 1022
934 22
327 973
659 30
516 353
933 141
776 749
504 361
590 577
323 822
44 159
387 953
345 347
268 640
413 762
329 491
709 691
601 83
17 315
392 6
313 868
957 696
553 57
744 723
500 626
830 1010
211 594
528 48
468 564
420 396
781 267
261 116
25 693
306 437
617 1001
603 371
851 44
497 444
678 991
782 528
53 328
942 641
524 649
889 230
194 76
828 496
234 117
953 255
702 204
246 534
140 995
768 309
692 516
676 621
996 454
787 588
950 506
1007 247
485 59
134 961
963 729
235 605
620 536
672 567
508 946
0 360
1017 968
542 512
174 381
809 610
386 64
493 195
799 518
834 685
366 999
48 461
16 685
862 537
423 18
347 396
502 581
689 432
619 58
851 353
690 414
149 434
476 526
371 895
557 877
918 892
654 698
545 84
522 478
932 488
116 928
136 650
353 387
991 811
867 280
196 50
912 737
851 39
291 631
759 333
810 401
782 42
981 21
676 546
643 848
653 711
748 34
937 693
280 50
540 1022
675 551
691 470
533 352
290 386
426 505
375 780
369 130
21 397
100 186
299 987
127 359
356 996
270 342
767 277
462 101
137 445
1018 955
151 755
375 584
32 32
422 437
491 187
967 169
279 63
561 1000
193 18
420 438
1023 507
289 511
616 700
347 230
259 805
591 767
80 43
139 74
686 311
376 31
566 370
807 480
94 213
72 286
828 699
552 592
562 838
386 534
114 364
240 379
776 460
762 500
972 180
562 538
136 71
1001 569
1015 206
99 580
707 827
151 233
591 355
251 26
243 151
388 673
875 411
472 828
405 709
146 691
234 124
709 223
373 376
198 249
899 682
100 526
50 20
783 1023
882 791
663 666
590 503
192 817
346 215
371 987
56 27
303 729
434 61
430 766
173 471
719 945
579 589
777 640
733 283
215 220
968 770
851 688
781 190
752 901
955 511
431 851
54 545
993 108
446 240
287 312
750 32
876 197
315 569
866 771
310 109
238 708
275 620
707 570
902 550
723 615
636 305
743 512
813 970
145 939
367 1002
415 761
591 1013
996 329
969 954
580 871
995 462
252 218
25 145
453 1016
263 55
191 665
530 408
556 749
972 931
317 125
494 882
769 637
32 568
634 433
476 963
233 193
408 231
106 697
723 738
661 552
213 124
874 385
557 517
515 529
90 478
643 222
747 46
378 334
771 886
842 989
896 627
193 924
897 885
983 539
398 323
702 1017
793 298
984 788
111 226
398 931
864 430
952 29
224 673
341 750
438 935
1008 764
843 639
585 428
63 697
745 85
981 399
569 335
489 618
888 545
656 630
92 395
698 100
888 937
470 746
603 693
45 470
948 655
586 651
598 183
923 707
575 888
618 82
250 779
692 915
784 932
187 661
267 762
632 915
85 279
203 891
879 544
883 963
470 180
901 895
20 303
537 977
576 249
129 290
487 762
365 872
6 821
524 285
817 507
169 127
83 364
269 540
543 1003
93 331
349 753
88 336
944 229
870 469
976 319
931 140
365 829
299 391
143 825
100 217
797 662
230 382
770 180
680 584
680 1005
972 800
900 146
247 635
400 81
429 86
1008 296
847 898
280 469
324 81
775 62
320 885
430 91
16 643
793 705
480 448
941 716
697 240
956 775
638 431
708 665
609 639
85 170
34 477
333 840
123 465
197 311
265 177
304 261
704 405
152 701
457 572
676 619
341 754
519 660
174 866
811 110
757 910
539 412
44 631
272 281
587 679
352 52
794 58
189 4
205 567
554 842
927 213
162 204
938 517
157 946
791 587
500 244
8 132
274 128
228 289
252 761
500 715
204 899
306 775
358 956
493 143
654 239
328 268
994 878
689 698
402 993
249 141
736 247
239 111
387 261
967 946
301 444
307 269
971 54
654 939
710 35
166 176
38 206
684 163
581 85
72 819
1012 907
1022 29
912 0
304 5
342 901
144 205
508 402
466 554
517 61
868 774
39 569
600 966
148 548
349 268
808 684
831 471
158 350
3 528
815 210
531 149
9 429
814 866
544 602
314 812
22 368
952 305
203 625
842 771
439 543
598 372
67 187
22 492
43 453
208 621
800 444
983 168
152 768
698 753
291 1013
255 249
211 416
147 802
183 519
29 966
172 795
870 590
336 37
159 48
243 596
390 63
904 276
933 381
595 923
723 188
987 55
284 905
597 733
351 578
421 32
699 352
766 208
408 675
686 471
311 1002
248 374
352 40
252 256
578 555
889 52
191 452
586 1014
518 40
140 578
284 876
972 526
1000 8
139 320
792 568
964 26
529 660
17 24
232 864
815 441
262 137
139 904
931 520
418 899
9 373
468 444
325 421
181 1017
462 388
903 721
535 120
1020 453
7 600
917 656
395 88
815 456
166 718
694 790
751 310
842 461
205 287
981 339
239 32
112 423
241 444
1003 260
726 923
577 815
67 623
842 824
799 346
639 837
762 125
232 593
824 11
656 293
533 348
259 872
423 233
344 716
220 66
526 958
384 14
1014 516
715 83
711 881
476 679
638 377
952 870
974 623
589 521
950 137
80 449
113 264
353 324
289 230
915 351
316 176
909 902
154 420
447 652
798 732
224 873
757 813
373 319
1007 622
630 890
559 472
313 479
872 159
9 487
11 489
982 1020
958 860
815 134
640 155
901 421
649 180
976 500
370 298
806 700
649 383
4 971
254 971
297 377
164 581
603 66
735 171
163 216
57 779
275 356
380 494
45 848
337 81
328 481
199 814
631 526
573 951
945 756
608 223
373 468
782 911
522 151
938 441
395 232
481 279
516 891
1020 731
581 688
865 587
895 890
140 954
642 595
942 1020
887 385
156 344
686 123
146 967
754 592
726 229
82 49
815 272
476 534
858 465
541 350
913 405
394 859
89 822
593 250
443 216
995 740
140 208
938 311
109 162
371 625
637 378
886 747
870 311
27 60
901 472
577 161
824 565
651 780
346 5
120 542
977 916
12 533
664 366
41 312
265 399
257 356
877 441
810 846
299 686
880 757
474 603
34 904
148 522
25 240
62 408
652 166
216 1005
403 907
47 261
339 192
311 526
829 229
1006 673
732 945
618 111
439 327
769 705
20 162
24 746
133 520
398 806
946 968
765 369
129 189
529 600
852 194
288 542
157 96
647 342
974 49
165 697
496 87
816 566
518 1022
538 954
853 399
686 904
656 490
264 85
405 516
573 345
754 398
828 526
960 403
919 485
447 176
565 1018
517 353
82 945
739 323
400 831
200 211
211 403
926 835
172 441
399 5
406 530
506 249
320 716
11 122
807 450
29 186
407 185
164 2
941 257
987 565
106 640
352 343
681 383
338 257
760 469
902 664
549 764
815 814
964 1009
447 477
295 724
425 691
562 805
406 766
790 553
353 621
388 492
870 151
437 277
125 824
992 914
393 313
675 255
828 714
800 7
570 789
10 520
723 891
218 404
24 727
144 690
241 1023
802 997
382 40
325 157
899 697
16 341
299 572
851 210
265 368
840 1
568 916
1005 182
1010 502
98 1011
52 39
38 378
563 990
119 743
364 305
22 488
659 87
473 973
1017 516
746 982
496 1015
730 1008
505 119
765 955
297 192
547 679
531 819
803 630
1020 377
155 976
141 78
376 439
28 413
543 946
923 919
527 216
605 228
207 738
435 1021
348 570
624 30
110 729
190 139
991 251
875 461
191 127
899 446
550 382
67 569
378 902
361 728
560 683
182 310
985 732
675 497
288 113
696 924
501 116
676 18
176 261
694 396
553 540
13 591
140 417
317 284
595 255
779 719
76 148
763 600
637 237
978 776
608 335
946 796
732 592
520 574
327 270
691 901
672 959
906 849
371 271
8 151
974 533
314 549
385 576
745 223
53 118
984 862
451 639
7 191
834 384
117 875
733 975
115 156
482 422
1000 909
822 45
805 812
96 797
243 244
478 83
430 89
453 200
999 579
351 670
254 302
881 567
716 510
956 755
147 722
804 278
447 623
658 26
188 667
100 624
771 769
537 164
171 201
562 915
420 94
69 336
392 557
788 267
877 145
651 826
199 872
83 126
139 1009
1001 239
445 243
296 232
244 878
628 478
835 581
883 303
316 468
259 779
428 307
882 558
310 15
281 763
503 353
579 44
135 181
307 38
657 730
384 85
845 456
549 415
533 471
720 608
554 135
362 473
271 355
880 762
892 342
16 631
51 995
555 908
342 503
438 170
618 845
184 412
103 723
535 312
910 292
249 866
156 196
402 563
719 725
622 966
756 980
425 809
507 712
358 886
31 700
181 324
154 367
769 203
856 11
157 349
903 53
731 252
370 535
333 258
14 225
423 671
411 131
593 14
5 603
126 248
1008 282
710 60
88 99
138 891
437 602
685 380
109 1022
800 498
195 316
683 48
1 534
459 734
518 351
1004 230
347 186
286 82
479 202
440 79
267 922
525 508
577 538
848 262
616 229
25 269
868 242
825 97
11 897
431 162
583 399
120 956
205 963
925 6
982 432
42 834
772 218
936 993
91 900
945 112
1014 231
309 858
377 1019
697 219
515 747
749 541
41 733
782 5
693 1014
539 163
687 46
436 68
46 365
513 291
802 799
836 697
596 893
744 772
71 25
645 601
240 177
121 88
541 770
778 172
872 361
465 209
667 485
1022 704
849 737
754 398
78 115
689 554
308 208
481 708
219 657
831 286
355 3
268 666
613 233
983 575
457 187
770 777
150 489
506 807
448 771
95 376
379 935
570 928
349 81
966 496
690 74
35 997
908 944
828 227
829 147
965 462
712 703
446 268
649 665
179 749
485 999
627 1012
374 786
900 426
99 359
192 994
341 66
229 42
976 111
413 158
275 828
491 781
47 296
673 443
601 333
456 265
82 325
790 694
838 106
386 929
975 818
245 654
305 373
322 847
290 690
721 388
912 953
952 143
816 452
335 121
870 144
919 943
398 810
565 35
786 410
131 680
762 843
750 254
490 903
477 43
162 334
32 638
928 548
146 457
233 440
997 702
366 55
397 400
918 128
519 188
612 991
408 857
344 155
674 51
890 552
16 898
1014 987
813 641
355 992
358 880
862 955
188 753
576 665
511 612
582 437
1013 696
618 865
782 332
794 584
377 693
239 182
210 742
267 75
341 451
0 385
627 842
717 704
564 405
75 536
459 343
604 188
520 85
895 858
392 287
675 304
544 978
848 409
758 590
752 1014
334 241
854 971
164 739
274 830
850 306
453 976
148 363
344 422
1019 550
16 882
958 337
266 352
423 255
161 250
192 653
951 597
994 1020
124 717
349 129
623 5
328 466
361 635
451 39
701 503
541 543
771 156
814 847
875 712
340 715
35 414
851 754
645 772
140 792
50 298
637 184
351 943
709 266
1023 349
792 84
245 419
887 997
506 389
208 436
21 14
303 852
384 197
450 275
177 595
389 231
407 394
172 128
472 573
1000 622
796 963
118 294
690 916
232 194
99 730
590 542
430 412
517 644
793 685
149 533
12 697
865 1012
434 782
230 645
688 565
743 114
591 102
545 417
628 190
890 999
244 267
768 321
755 340
336 236
718 884
581 912
876 431
183 37
36 395
617 957
811 110
305 591
96 577
191 603
477 453
343 1002
647 891
371 430
304 253
960 345
243 269
893 224
594 371
957 619
883 726
70 30
825 677
857 189
830 806
421 341
309 289
74 871
337 124
940 718
247 646
53 986
346 757
295 314
968 572
593 593
345 471
241 6
987 185
114 931
648 366
542 40
33 173
807 660
991 763
201 966
867 554
954 281
563 933
765 262
410 378
972 648
199 571
202 786
386 20
15 127
327 825
455 324
141 701
631 961
530 899
196 308
512 450
106 8
716 746
134 780
398 585
229 397
3 562
138 1007
646 502
939 210
290 490
735 369
996 813
339 133
607 167
869 141
736 965
866 89
694 988
102 151
289 774
634 426
300 244
779 737
592 326
635 828
313 404
767 864
383 415
286 259
547 368
882 618
181 82
503 461
816 374
992 109
896 765
488 770
745 687
944 46
929 410
248 691
250 35
263 473
657 493
117 323
490 887
225 373
1003 567
680 274
486 570
587 669
526 484
80 76
553 495
557 1
165 193
326 859
151 67
146 36
548 201
764 907
668 17
214 420
23 639
910 601
945 338
262 938
480 504
418 812
378 705
976 264
380 97
422 870
602 945
314 783
13 310
510 29
182 442
955 530
40 51
881 860
496 894
933 613
59 905
258 313
904 946
654 514
294 154
285 1022
846 876
788 119
662 524
504 393
185 924
1007 546
597 979
71 1018
917 331
710 668
121 598
713 136
316 364
799 766
65 781
321 681
809 970
558 165
296 586
126 208
215 823
572 680
251 544
741 975
524 23
478 104
154 140
676 211
674 888
586 791
633 620
502 508
156 748
616 396
837 94
325 800
685 994
1006 116
909 574
644 710
234 964
672 610
632 487
222 796
193 991
720 153
649 676
683 416
157 475
197 673
426 917
693 432
966 221
31 107
233 70
32 633
495 908
859 929
596 101
619 756
974 661
320 689
448 868
570 575
406 175
780 626
265 789
902 777
301 235
452 497
111 856
435 300
364 279
489 534
333 658
456 684
845 985
170 642
45 125
119 3
487 535
550 895
569 576
369 296
332 299
889 339
86 270
999 822
408 517
695 305
27 113
980 256
868 72
740 993
93 64
784 937
437 381
790 629
180 829
235 261
703 228
912 54
508 771
56 362
159 108
72 845
64 632
819 657
574 714
785 223
515 749
858 353
94 795
91 711
51 68
965 69
584 947
856 827
38 28
10 7
921 724
560 0
395 826
988 252
962 376
92 144
744 722
105 100
152 399
704 671
665 486
677 122
427 560
187 77
551 857
479 511
61 90
1012 382
242 775
689 265
905 538
543 456
1009 555
739 883
636 19
1018 411
700 438
518 464
959 91
298 242
483 191
509 909
552 623
465 545
985 875
415 526
608 427
687 168
413 675
729 952
761 863
1017 559
640 1000
77 834
699 762
832 443
878 594
714 518
463 967
719 460
754 468
802 233
37 391
925 608
440 958
898 311
498 229
226 670
442 873
127 142
692 335
58 55
211 347
753 761
44 387
26 320
942 357
335 914
365 180
561 600
841 375
911 627
903 220
791 816
738 1004
454 479
659 459
330 708
354 293
852 649
429 183
995 22
246 455
135 779
751 954
284 379
462 359
805 336
291 132
1004 541
885 307
810 785
85 663
556 474
731 563
931 118
122 488
872 679
562 413
443 948
501 62
324 840
209 291
979 354
534 804
299 257
967 470
348 532
711 702
212 130
104 312
283 48
338 650
475 925
941 942
176 881
984 162
308 638
491 969
978 674
777 268
62 344
514 984
256 703
770 918
970 25
163 520
532 498
599 982
513 73
932 303
900 112
144 941
393 32
497 155
892 664
763 111
919 519
535 245
268 148
630 582
817 147
528 181
155 117
359 995
433 458
312 465
449 499
474 272
698 492
804 741
25 892
362 346
270 509
913 480
179 885
120 95
29 322
419 844
404 580
130 283
132 177
611 698
20 539
78 528
728 604
629 569
918 258
620 837
606 1019
19 481
367 187
818 614
200 720
800 919
271 759
571 921
998 485
973 390
350 26
653 588
930 254
390 890
1002 547
458 974
391 636
221 200
173 678
259 285
815 898
100 1021
1015 733
622 178
529 428
90 768
88 24
310 93
315 896
123 425
447 445
706 750
55 115
236 1017
205 1023
612 213
897 510
28 655
505 79
287 968
322 934
877 290
439 728
363 630
412 328
727 983
748 906
171 716
824 418
605 329
8 44
812 271
610 886
17 589
568 277
63 643
724 203
441 472
52 922
282 143
886 439
409 477
798 980
540 286
110 121
733 280
399 2
860 778
537 1003
217 568
874 740
1021 169
786 808
473 507
566 784
855 557
218 755
204 767
67 625
342 939
708 920
1001 131
228 406
240 981
260 794
397 218
934 377
678 566
732 833
356 616
276 831
651 309
261 773
870 732
555 260
922 454
923 86
223 237
776 494
775 692
663 801
781 862
642 846
115 482
696 216
469 832
879 219
445 166
466 506
667 1001
861 12
98 558
888 49
113 205
673 92
943 926
652 360
538 63
264 195
18 959
470 824
9 736
252 802
756 552
167 747
950 564
707 11
834 45
801 78
73 1005
525 654
821 57
484 402
82 435
952 752
213 690
481 105
787 611
158 263
655 230
774 247
990 527
661 496
749 196
147 949
803 695
614 700
128 225
416 4
275 152
4 65
822 694
292 631
1022 699
347 186
650 861
83 904
47 149
949 330
522 199
924 463
493 424
583 540
831 342
884 103
43 652
6 209
203 776
901 334
175 301
405 83
500 734
160 238
460 745
101 27
307 799
499 656
162 284
438 61
331 512
956 1006
585 903
609 549
57 120
219 721
595 848
835 135
666 940
461 452
963 758
702 361
231 932
48 647
81 192
39 358
906 788
145 429
137 288
827 853
961 810
370 809
375 927
468 60
414 123
279 388
1 408
425 500
588 96
983 434
539 15
778 383
682 973
129 817
971 316
946 738
531 797
533 515
103 878
54 599
833 469
938 212
319 483
1005 835
87 444
795 317
766 838
379 214
143 548
559 615
993 867
725 951
306 537
109 392
712 849
899 401
926 561
5 333
927 66
684 913
916 318
601 617
1010 956
580 556
382 854
982 764
697 516
527 1015
318 9
669 106
444 21
721 157
578 624
523 41
873 59
238 659
829 972
826 172
567 1008
681 276
975 606
178 877
237 893
2 821
820 16
436 71
150 58
112 866
476 239
198 662
139 249
920 158
577 367
353 126
374 667
705 790
46 672
715 950
783 38
329 206
981 587
947 910
68 529
366 501
625 160
579 531
352 928
166 248
255 815
142 278
953 52
396 146
153 869
969 551
7 723
76 56
431 727
664 751
638 47
1020 872
521 449
573 798
871 462
133 915
253 18
686 204
723 583
864 525
750 719
403 350
894 227
136 989
759 150
281 911
420 634
737 34
22 99
730 372
357 87
311 81
89 302
615 441
34 953
839 900
317 137
428 478
323 43
216 605
641 355
598 407
757 990
670 74
849 319
603 295
624 651
388 666
194 198
546 1009
401 50
986 217
446 240
372 522
424 805
464 818
360 725
169 400
42 222
272 760
16 627
158 1007
233 573
284 556
569 173
522 544
982 308
635 489
423 972
615 814
260 253
607 353
854 130
520 447
984 695
475 920
589 672
296 864
98 996
75 148
712 19
818 661
357 417
786 570
223 886
698 445
328 492
84 568
812 95
78 844
327 795
115 721
869 106
31 1020
791 493
299 207
726 213
717 32
116 136
237 323
641 867
159 50
833 693
884 380
1021 529
108 779
1009 916
278 371
836 548
149 519
663 509
93 338
83 960
143 439
286 654
823 704
692 141
226 218
912 599
931 656
249 753
153 453
556 98
685 892
542 251
842 776
678 995
467 112
1019 903
526 381
91 732
772 557
621 959
543 405
363 745
415 343
180 603
390 21
893 733
756 488
798 487
164 317
599 424
452 66
665 877
265 60
972 766
691 720
55 663
45 631
379 891
433 466
659 419
555 966
977 382
117 853
771 963
598 868
822 496
62 307
579 627
234 304
165 777
939 415
775 930
261 773
554 531
592 196
536 852
478 571
629 47
781 15
583 950
881 793
896 765
252 139
770 451
225 587
780 325
326 384
152 448
358 808
679 352
90 64
711 810
205 552
946 361
747 717
617 583
807 22
582 232
218 5
178 324
867 146
797 58
905 518
492 673
188 588
381 939
700 111
838 461
160 281
777 608
872 748
749 351
701 215
41 691
292 79
334 554
162 412
864 367
628 179
212 936
27 789
506 547
245 33
129 315
757 617
837 294
920 697
736 782
230 829
644 233
217 759
179 249
853 736
316 236
866 970
961 671
729 364
989 888
476 854
968 464
88 81
342 411
911 65
645 61
37 635
618 562
142 827
725 524
439 847
389 555
420 9
724 385
828 763
437 633
1013 484
859 409
540 1016
127 584
494 579
715 365
169 326
716 30
436 666
418 575
773 227
295 74
608 75
949 39
320 922
122 913
670 68
194 69
1006 107
174 88
815 10
13 356
862 444
722 499
332 998
889 513
1010 263
499 97
277 612
151 131
394 458
297 490
313 700
184 288
312 452
763 977
77 1000
804 181
466 34
155 801
340 363
470 686
642 120
1012 894
926 169
150 110
106 274
965 769
738 1015
349 649
788 839
481 728
287 358
899 23
39 457
507 767
976 713
321 537
779 479
727 1018
242 653
18 792
52 124
130 682
269 593
397 683
382 212
883 965
745 512
410 933
429 234
495 109
694 237
139 811
181 705
36 404
352 0
503 423
863 163
987 244
38 624
20 648
200 917
367 999
510 433
147 396
197 974
482 201
908 824
336 787
199 607
458 1
392 116
840 574
65 841
917 909
501 915
26 152
654 860
794 991
994 845
80 597
649 850
675 887
595 637
845 949
19 94
1001 525
136 375
511 328
588 527
709 164
903 870
796 689
182 311
79 474
488 225
580 383
681 427
535 900
461 879
70 866
720 978
686 180
216 167
861 497
702 197
997 290
767 958
671 349
533 71
5 209
568 3
591 267
281 303
386 243
263 730
193 24
980 142
834 632
460 185
878 314
302 968
100 992
455 372
35 226
314 430
1020 956
505 459
68 149
498 506
294 87
227 189
311 42
421 272
928 360
710 429
541 889
719 897
647 837
613 614
462 410
703 177
708 346
750 14
728 826
485 623
304 336
369 616
107 718
30 590
47 825
566 566
220 819
955 277
655 750
519 976
343 716
518 55
1018 299
378 250
472 295
609 228
890 1012
285 265
454 436
123 770
886 659
546 743
576 37
271 93
852 658
190 472
528 72
557 300
816 549
377 601
774 134
742 997
40 143
625 108
1003 316
521 740
983 967
10 542
856 907
428 576
523 327
516 760
195 602
651 993
732 735
224 221
275 440
21 823
387 628
986 955
695 441
660 1010
221 798
236 416
826 788
187 621
235 147
918 63
656 794
442 4
449 520
769 712
835 276
880 378
319 151
61 538
848 199
927 298
409 699
468 912
168 399
374 401
345 266
333 59
456 521
177 442
565 688
572 771
787 187
570 53
3 898
483 828
246 348
952 629
208 945
23 158
783 105
459 25
509 35
803 646
63 522
135 1013
870 96
232 153
259 220
547 465
824 340
858 634
564 172
806 127
25 261
874 355
766 561
832 639
539 738
948 618
860 565
876 1006
562 341
435 1022
132 605
657 805
431 271
577 523
784 983
942 279
219 885
857 217
87 286
266 878
7 727
957 846
981 245
951 861
713 82
993 645
92 698
1023 495
453 848
238 747
945 985
32 600
214 918
310 202
746 224
752 176
335 92
944 154
895 592
637 20
49 840
603 676
351 56
739 1001
262 175
128 752
529 541
929 376
477 786
71 182
735 742
113 357
425 719
802 581
416 534
549 911
706 842
324 813
57 184
904 413
508 724
398 517
257 437
120 594
86 477
504 685
801 359
301 642
768 475
384 145
203 400
146 402
51 572
114 390
173 962
754 450
228 843
354 923
267 54
500 342
585 504
411 41
166 394
54 137
734 938
821 822
687 52
1002 807
403 503
631 975
341 613
112 435
172 144
479 1009
6 611
612 667
438 80
402 344
988 259
829 644
938 186
825 171
800 796
515 211
792 125
254 83
704 407
898 836
943 332
790 443
877 775
497 679
215 178
648 941
44 278
413 289
463 678
134 710
412 255
923 546
561 778
81 28
979 431
830 516
391 370
353 313
563 875
111 420
465 297
868 229
273 121
434 99
417 280
15 1003
253 486
537 140
368 428
347 722
427 694
999 446
170 668
567 809
622 901
385 669
513 630
937 640
640 468
953 812
300 193
401 539
666 320
551 817
575 467
652 757
1011 647
24 310
776 709
419 604
191 16
441 387
171 791
817 425
574 585
248 928
56 946
256 741
58 536
502 696
985 2
596 715
761 899
744 869
283 31
721 626
