30
4 3
5 6
0 10
1 0
4 2
6 13
3 9
4 5
15 9
8 8
9 13
11 5
2 0
4 3
2 6
12 5
7 1
4 1
0 1
4 2
5 9
10 12
4 1
15 15
4 3
15 3
6 9
5 0
4 5
13 5
8 3
0 2
7 7
12 6
4 5
14 8
6 10
15 2
7 3
13 12
4 5
12 0
14 2
6 10
0 4
7 15
4 5
0 7
9 1
8 2
2 12
14 9
4 5
10 3
4 4
5 2
12 9
2 7
4 5
5 9
2 13
6 1
4 6
7 5
4 5
7 0
0 5
10 12
6 1
13 8
4 5
8 9
10 6
3 7
12 2
13 3
4 5
9 10
9 12
6 2
11 10
10 15
4 5
3 8
13 2
8 13
9 5
6 10
4 5
1 5
3 12
11 9
5 4
0 1
4 5
2 8
14 4
11 13
5 3
0 13
4 5
1 7
14 3
0 10
10 11
8 14
4 5
13 15
7 2
8 3
5 10
12 13
4 5
5 4
3 6
2 15
14 12
14 1
4 5
14 10
4 6
6 0
5 9
8 2
4 5
6 14
10 1
13 12
3 3
8 3
4 5
10 3
13 6
6 7
7 15
1 11
4 5
5 2
6 13
14 10
3 1
1 14
4 5
3 5
15 3
6 6
13 6
8 12
4 5
12 3
13 12
10 8
11 2
9 11
4 5
9 8
8 5
12 5
4 12
14 2
