30
16 4
65010 84
63485 1649
59142 15423
63363 26084
16 7
31196 64910
12192 49397
41365 52128
42367 18970
15088 12166
44214 856
19731 54172
16 6
52505 48603
59075 40776
55112 25472
42113 11441
13445 35502
3205 38948
16 1
7506 63959
16 1
21446 44794
16 5
14151 47850
10229 57500
1528 4280
53699 21082
57433 52280
16 4
951 1314
36958 13730
21672 38525
22942 6647
16 6
41560 8090
17379 46866
57924 5177
55737 62226
28249 13593
31301 33815
16 4
44507 5276
33376 51741
58548 35467
30018 24406
16 10
46779 3680
28622 39009
8552 48926
58604 14919
18900 40496
32930 55068
57157 64601
31112 33884
35691 31930
54989 53148
16 10
53009 40014
11505 11953
38511 50622
3395 4173
22508 17598
43151 6855
10250 53682
4599 38582
59131 493
8376 57834
16 10
28354 18046
27559 4349
25 40166
30684 42661
29613 32726
46857 12046
45822 62406
53296 37610
37017 19763
43372 63773
16 10
5847 26175
57289 17663
41322 26766
11544 5281
49938 23414
20212 17847
34438 60331
17858 32857
20919 27044
40842 1109
16 10
56464 28225
27079 19649
42688 50472
18479 14773
64437 31988
27016 23250
2265 47939
4167 31289
6180 37323
26937 64560
16 10
25955 52607
7109 61654
19454 59820
4315 10377
2264 59715
36049 35451
61884 29977
49259 25364
30923 35049
40722 37749
16 10
45736 13999
36100 26940
27923 18550
10055 47809
23805 17080
43527 19194
53917 43762
7385 21321
58163 63942
24503 32204
16 10
18643 49208
18854 14572
45126 43451
56121 19684
19419 35089
46559 25696
2554 60007
58573 18226
58703 8185
53700 56507
16 10
57500 949
28752 10527
43743 4293
18799 46878
18342 59263
43455 49095
42372 16624
35272 49321
25146 11375
62878 3319
16 10
265 38764
20766 32293
10457 58943
20999 58485
43350 62035
46952 57210
60111 12129
39341 34659
10082 45164
56449 52371
16 10
5219 1882
35314 25189
53156 11685
50754 5628
19706 2521
18576 45977
54898 63961
12735 5501
11864 62702
64031 26325
16 10
19117 63983
60068 51838
49315 64204
59843 14856
43882 34047
2918 54354
53788 8292
14105 41608
48014 35520
57432 25456
16 10
21351 34618
22353 48691
48810 48245
16586 569
21951 42043
54061 21855
4188 33578
34860 47153
44094 10302
37977 59517
16 10
57256 16531
44631 28037
1507 35100
6924 11015
19370 55232
60285 63884
23641 37154
1145 11586
2802 41633
15801 27863
16 10
34414 4688
12421 32427
61810 9888
55684 39310
54102 39534
38557 735
6790 51103
52354 40275
19826 11715
33022 36241
16 10
5205 45845
9 2968
46991 12570
45823 42579
65184 39473
53193 26039
27337 53715
8122 25848
23299 59988
7944 58571
16 10
22612 59188
31682 39162
7343 61916
23472 11643
60389 44169
53730 13551
47949 14343
974 70
48963 11545
48196 13808
16 10
14269 57464
44864 44705
39341 59543
21848 27249
14834 11775
60896 2761
38883 22899
65157 64962
42414 8840
56563 55811
16 10
14689 16718
6328 15206
53943 51900
4967 15120
3148 19131
4396 48191
31950 34006
20076 64004
11182 64561
10637 31065
16 10
1711 44900
50838 41745
36031 8734
49543 1052
42257 20116
44808 19880
42494 38368
65274 13573
7020 16560
11397 29375
16 10
60211 37256
10408 46814
51293 44314
35170 62739
46798 31054
28275 14439
47101 54975
5921 50365
33505 30458
13163 53372
