30
16 2
37989 45576
46951 16533
16 8
29538 53566
62843 46413
13650 7438
57482 42888
59124 44664
28171 22525
47827 58749
7657 47590
16 6
42219 36730
59008 27241
36308 32578
7213 30850
33406 16053
6621 37326
16 6
57913 40364
48998 34448
56885 59745
63322 43486
53715 14254
45927 28368
16 2
13687 58383
28346 3386
16 2
3724 1229
54945 49701
16 3
44451 20501
2016 49058
5467 26350
16 4
25560 2339
15503 30133
5718 43818
26872 48498
16 4
56480 13665
30182 38040
32312 37015
56726 9743
16 10
27913 29505
43394 61139
11905 18087
64540 18864
64800 20859
51670 35000
52209 40287
48344 30556
36177 44498
14337 58689
16 10
18548 42196
58695 20831
9109 40752
50430 776
65353 45767
35285 43749
33378 6996
32030 46876
38569 36537
11653 62514
16 10
28027 58763
57437 55182
17706 27224
49870 58669
20213 20670
39943 18070
2682 29920
36006 51248
62561 12742
250 53188
16 10
55007 58033
13413 25079
2857 16119
20097 60569
63059 13988
11028 32993
40818 8913
42838 56434
6537 16471
45679 42950
16 10
37025 56846
50386 37770
51512 21699
34509 4210
57235 22015
22376 3241
9237 19251
49823 44698
27702 23352
1087 49427
16 10
44307 7162
62686 60786
36106 40044
3105 43399
64639 12267
33874 8113
168 14617
16747 61862
45137 32981
52691 63731
16 10
430 9593
24388 53478
4046 49356
21165 32342
36013 2135
21 61305
26650 13697
43325 14920
7525 16025
12156 20885
16 10
56201 20545
55756 14963
43877 24604
28132 61925
39288 42810
963 31412
41143 32633
42699 32479
5040 52
34037 8035
16 10
19483 3280
22349 20337
58024 29391
12619 59255
33572 8411
63780 54043
9606 54566
53888 25918
1263 55807
7176 52226
16 10
18676 1905
33211 16144
38212 881
48511 65367
19682 11412
24273 29087
50808 15611
42210 63072
5960 31545
49581 11866
16 10
39381 56168
35910 50977
46230 32976
36970 24784
45690 21325
47108 26812
61757 55641
31191 52655
10798 51796
24866 16794
16 10
49442 7151
49711 43248
33712 62066
60585 46065
30393 25383
36427 8791
42431 15389
62805 29029
1792 31847
39840 63745
16 10
40825 54883
23746 51977
13667 31456
31940 14666
36801 63036
40421 7471
12955 41824
43367 657
31840 4350
38953 25698
16 10
45476 17882
30341 7523
1856 43509
20828 15617
49102 57855
36557 13092
13002 64391
29021 5405
56955 57472
24465 6026
16 10
12005 9444
36001 40828
9395 16730
40336 53731
11126 2268
12971 61513
8405 6352
29126 4758
59334 17705
59226 7818
16 10
57815 40536
9815 51685
680 23452
17305 34385
37966 3515
52689 21281
61761 32611
22857 48259
19190 42336
47938 16761
16 10
39946 27152
44267 48529
5590 24022
46720 43686
44299 21779
10797 30949
41880 48389
61476 5963
5637 45330
13882 32188
16 10
29245 55403
27660 61839
45646 32465
6566 4136
41266 57166
21407 57384
63939 58930
40586 32462
27740 40941
62169 30026
16 10
30030 28427
31030 25624
33013 58460
15460 16288
57658 64988
19661 33458
31475 63356
23365 11583
45576 57548
17612 51450
16 10
59202 62412
62902 47947
20625 19915
35081 41930
2894 46242
61718 25718
28773 520
41636 45438
56986 61376
24350 60481
16 10
53940 42843
2426 61897
28207 6155
51122 59710
15408 59106
38697 58463
16089 62632
29521 36832
19037 32535
56536 26016
