30
16 3
42911 61057
29347 51000
13394 7945
16 2
6011 25626
50029 52401
16 1
3653 2014
16 3
12499 9924
32500 60709
49680 55573
16 3
30293 61061
57984 51799
32065 25958
16 3
50616 39374
12603 10606
57305 30450
16 2
104 20037
51487 28511
16 1
41052 32465
16 1
29813 27044
16 3
44040 64696
48585 58736
20887 40886
16 2
23975 51948
23188 9757
16 1
61018 45251
16 3
24970 53798
17674 20012
32289 19962
16 1
52593 7310
16 3
54542 3395
18220 35865
31953 43987
16 3
32573 41015
24296 4431
41728 6178
16 3
10187 59831
30185 25841
43186 44260
16 3
49961 31102
54094 15712
18897 60539
16 3
27143 35906
54875 43255
27965 61278
16 3
58294 61202
25337 4382
50809 29082
16 3
49488 53204
17351 4983
25988 23555
16 3
58001 58948
36697 37283
11244 3053
16 3
29026 21472
54347 4557
2298 12118
16 3
25806 21675
4193 65354
43223 51548
16 3
60602 33057
42912 50589
55676 50084
16 3
41716 62749
42058 51799
36776 44042
16 3
14516 8925
32196 9308
20991 45004
16 3
57880 32366
54504 40188
50979 29629
16 3
49035 8224
912 2751
51918 30564
16 3
53759 62151
29241 20729
4095 2307
