30
4 11
13 13
14 12
7 9
11 15
12 1
1 14
0 8
10 6
9 5
8 4
5 2
4 14
9 15
10 1
1 1
3 3
5 1
6 6
11 6
5 13
9 14
15 9
11 6
3 2
15 12
10 0
4 3
7 11
10 15
14 10
4 7
3 2
10 13
13 10
8 4
12 12
9 7
15 3
4 7
5 8
11 14
14 4
4 9
1 0
13 5
6 2
4 9
2 12
12 1
7 11
15 5
8 10
0 8
14 7
5 0
13 2
4 11
13 9
14 3
2 7
1 11
5 10
3 4
0 12
9 0
7 13
12 8
4 5
4 8
2 10
8 3
9 2
10 6
5 15
13 11
0 12
4 9
4 1
12 7
4 8
11 14
12 13
11 8
4 8
7 13
6 2
4 0
9 1
4 14
2 0
12 1
7 10
3 2
15 6
9 11
10 8
0 4
6 12
4 15
13 3
11 7
1 9
5 13
4 11
2 11
7 1
6 12
3 7
14 4
1 10
8 3
0 2
11 14
13 15
15 9
4 3
5 12
15 10
3 0
4 1
1 4
4 16
2 0
10 2
13 5
15 4
3 10
11 13
12 11
1 1
5 12
6 6
9 3
7 9
14 8
8 15
4 14
0 7
4 16
3 4
10 11
8 12
11 15
2 7
6 13
15 8
12 5
9 2
4 3
5 1
14 14
0 10
13 6
7 9
1 0
4 16
15 1
8 4
12 5
3 6
7 15
14 0
5 10
0 2
1 13
2 9
13 14
6 11
11 8
10 12
9 7
4 3
4 16
15 4
7 9
1 5
3 0
4 8
12 6
0 15
8 3
10 12
9 14
11 10
14 11
5 13
6 1
2 2
13 7
4 16
12 1
9 2
1 15
4 4
3 9
2 7
10 6
13 10
5 0
14 12
6 11
0 14
11 13
8 8
7 3
15 5
4 16
0 11
2 2
3 8
9 13
9 12
12 2
4 15
15 5
2 10
13 14
11 10
9 0
11 15
7 3
10 9
2 7
4 16
8 3
14 4
13 13
15 0
0 12
6 8
7 15
12 2
1 10
4 7
3 6
9 1
11 5
5 14
10 11
2 9
4 16
14 10
3 1
15 11
10 4
9 6
8 5
1 12
4 9
11 7
7 15
5 2
2 3
12 13
13 14
0 8
6 0
4 16
8 4
1 14
15 10
7 8
2 11
14 6
13 9
11 1
3 7
6 3
4 13
12 12
5 5
0 2
10 15
9 0
4 16
13 10
11 8
12 7
6 4
0 2
3 1
14 9
10 14
7 3
5 11
8 5
15 13
9 6
4 0
2 15
1 12
4 16
9 0
6 11
4 4
8 7
15 14
12 12
5 13
14 1
11 3
7 10
1 15
10 2
2 8
0 9
13 5
3 6
4 16
14 9
11 14
6 8
7 10
8 15
4 5
15 0
13 1
5 11
1 7
3 6
10 2
12 3
9 4
2 12
0 13
4 16
6 10
8 1
14 9
3 2
9 13
12 5
11 0
7 6
15 11
5 8
13 12
1 4
4 3
10 15
0 14
2 7
4 16
2 4
15 12
14 7
6 13
13 6
7 5
12 3
3 9
1 14
9 11
4 10
0 2
11 8
10 0
5 1
8 15
4 16
13 10
15 14
9 8
2 0
14 13
5 4
3 15
8 6
7 11
1 5
4 9
11 2
10 1
6 12
0 7
12 3
4 16
4 3
0 1
12 12
15 6
10 4
9 7
8 0
5 11
2 8
6 9
11 2
1 15
7 13
13 14
3 5
14 10
