30
4 2
11 11
2 14
4 4
4 1
10 15
13 9
12 7
4 3
12 3
6 1
7 2
4 5
11 11
9 1
12 4
13 9
15 0
4 4
15 7
10 14
7 13
3 6
4 3
15 13
2 10
0 0
4 3
14 15
15 11
1 10
4 2
2 12
7 3
4 5
9 5
10 2
13 4
15 11
6 7
4 1
7 11
4 5
9 15
15 11
6 6
1 9
3 12
4 4
7 12
9 2
2 5
10 8
4 3
0 6
8 13
1 8
4 1
0 12
4 5
1 2
5 4
11 8
6 13
3 9
4 5
14 15
0 1
15 13
11 2
9 8
4 5
5 1
9 13
3 11
11 10
15 4
4 5
5 4
1 10
15 15
9 13
3 0
4 5
0 6
1 11
5 12
14 13
10 2
4 5
10 7
8 8
1 14
9 1
2 8
4 5
8 2
12 14
11 7
3 5
10 10
4 5
11 1
7 4
8 10
12 2
9 15
4 5
7 9
3 2
8 5
9 6
15 0
4 5
15 8
8 14
14 4
11 7
12 10
4 5
8 13
3 9
12 5
10 12
14 10
4 5
1 14
6 15
7 9
5 11
12 12
4 5
12 8
4 0
6 11
7 12
9 15
4 5
1 3
3 1
6 2
10 12
13 11
4 5
0 7
15 9
9 3
8 13
1 8
4 5
9 6
12 5
0 2
11 5
13 0
