30
4 3
15 14
9 12
14 13
4 1
6 0
4 4
12 10
9 11
5 4
0 14
4 2
10 7
6 8
4 4
7 13
2 6
11 13
8 8
4 4
3 6
6 12
1 6
9 9
4 3
3 13
5 0
8 12
4 2
5 2
8 5
4 3
11 1
13 0
12 4
4 2
5 14
6 0
4 4
4 13
15 9
12 8
10 6
4 1
5 7
4 4
7 13
5 9
1 11
0 15
4 2
12 12
8 7
4 5
4 7
7 7
6 13
9 13
0 8
4 5
9 4
6 2
10 3
1 1
0 7
4 5
14 0
15 10
4 1
11 14
0 9
4 5
12 15
8 10
2 2
4 5
13 4
4 5
7 12
15 2
11 5
8 11
3 14
4 5
9 9
4 3
4 4
7 10
6 12
4 5
7 14
5 9
15 6
6 15
12 5
4 5
12 13
2 11
8 5
13 1
7 2
4 5
1 6
4 14
13 13
14 10
15 9
4 5
6 7
8 3
2 9
5 8
12 13
4 5
7 4
6 7
9 6
11 15
2 9
4 5
10 14
12 11
9 13
7 7
0 5
4 5
13 4
15 14
8 7
9 1
1 13
4 5
7 13
14 4
1 7
14 3
7 13
4 5
11 10
14 9
12 5
15 12
0 15
4 5
5 5
8 7
7 1
3 10
7 12
