1000 1000 72 181
50 40 12 163 14 41 134 133 82 133 90 165 129 124 152 21 154 26 117 24 134 105 167 59 3 120 10 1 17 2 134 62 153 28 25 54 126 26 126 166 35 33 143 153 171 159 2 55 84 73 152 11 68 147 33 34 39 137 61 12 93 118 73 178 11 168 6 39 162 90 43 49 69 141 173 121 6 18 145 170 4 116 165 39 34 119 36 51 130 83 5 169 128 65 145 150 71 101 97 92 174 146 97 64 129 86 47 172 94 72 60 11 19 17 81 124 2 36 47 65 20 72 62 13 50 176 143 104 178 134 20 69 92 155 97 2 100 155 46 40 157 31 72 13 135 58 167 32 51 37 176 16 154 113 136 48 164 38 147 29 95 163 53 180 32 85 119 8 38 6 21 88 87 85 83 44 133 40 28 7 89 58 104 139 73 134 76 154 134 86 21 165 23 72 160 155 135 61 111 111 133 13 52 70 12 14 122 27 163 52 89 94 80 6 42 81 86 59 56 60 103 127 12 145 67 180 100 133 48 22 135 79 150 24 82 20 50 137 156 86 62 138 87 159 35 140 104 164 53 54 31 155 178 135 133 74 135 122 124 165 59 26 9 136 149 156 37 142 106 179 79 46 134 131 26 7 46 17 41 172 22 162 170 131 101 165 58 40 101 13 31 110 119 9 168 114 43 133 9 89 65 138 157 115 2 138 21 150 44 126 142 99 37 12 118 163 114 120 77 65 133 139 33 143 39 154 54 19 156 146 105 179 169 91 166 14 13 27 63 133 173 72 88 61 82 37 27 137 51 2 94 139 107 156 73 133 162 178 101 138 23 88 167 53 158 11 113 109 38 32 3 160 26 103 132 142 69 1 94 62 162 32 163 32 177 144 156 5 145 149 37 43 94 66 54 43 90 62 80 172 163 32 101 116 23 164 143 74 38 98 21 138 88 69 32 58 64 23 175 44 175 42 164 135 83 157 121 51 19 11 134 27 140 32 135 141 136 68 69 77 32 163 172 168 104 69 64 162 86 20 79 174 123 21 33 51 149 2 105 58 112 111 33 38 118 43 62 43 66 107 93 69 162 87 41 96 168 74 20 179 56 176 8 63 61 33 56 156 2 91 87 133 127 27 17 106 27 152 84 36 19 108 170 116 20 37 158 94 66 8 95 72 0 138 156 161 158 31 57 142 146 5 85 84 66 24 167 134 120 159 107 44 73 100 122 165 21 80 149 37 51 150 118 125 168 89 102 115 3 96 8 134 42 114 124 180 174 19 61 32 144 60 174 103 117 159 114 43 87 47 98 50 28 0 116 2 44 131 164 151 93 7 136 63 52 7 62 86 68 43 78 108 11 148 17 51 124 16 4 148 23 32 134 82 5 105 166 169 14 152 75 48 47 132 129 96 127 29 74 162 73 125 1 31 20 176 116 71 128 135 2 73 155 154 8 93 9 138 137 79 156 64 167 65 65 148 155 108 148 170 31 61 37 98 168 39 51 60 49 166 81 62 18 19 132 63 26 88 51 152 129 161 64 146 74 33 79 38 96 88 168 134 89 167 101 79 58 175 33 106 67 14 164 1 162 148 44 117 26 9 2 107 40 5 129 27 155 128 167 106 174 14 37 70 49 98 148 174 146 90 151 35 36 94 128 120 94 84 61 27 69 79 19 122 155 25 72 151 3 3 104 51 138 17 106 62 103 147 62 114 18 146 178 102 41 68 30 155 124 93 175 98 123 23 173 32 1 140 141 76 1 36 146 23 93 49 49 101 86 144 176 108 72 163 20 32 164 71 45 60 74 19 71 135 9 97 66 73 45 134 166 168 109 86 176 23 102 111 9 139 120 180 39 105 78 136 35 32 30 68 70 29 130 30 0 36 124 89 40 127 170 11 40 165 99 42 12 130 50 10 72 71 74 158 15 158 79 25 31 122 113 82 8 41 111 9 87 133 130 28 45 157 158 140 68 101 165 64 37 11 175 109 140 71 40 19 125 137 154 36 45 53 70 72 31 2 1 92 180 167 83 125 120 139 93 8 18 23 102 44 124 117 10 15 44 124 3 179 26 61 156 8 165 87 167 22 102 154 48 111 123 48 157 133 79 10 100 147 132 30 99 3 148 20 148 13 126 90 5 55 110 137 35 176 116 159 90 107 176 142 175 14 89 36 18 151 87 171 119 17 98 132 166 132 57 32 77 84 136 70 148 24 37 21 19 123 140 125 154 71 134 57 127 137 128 104 119 145 55 136 111 54 80 22 131 87 20 110 159 47
1 972 974
1 566 724
1 842 853
2 461 829
1 284 875
1 820 824
2 40 495
1 347 370
1 434 443
1 496 670
1 838 841
1 311 527
1 372 378
1 6 13
1 340 497
1 89 392
1 228 232
2 758 788
2 222 317
1 136 889
2 244 787
1 842 847
1 4 834
1 232 893
1 629 716
1 541 553
1 47 600
1 52 574
1 197 204
1 88 224
1 521 743
1 220 220
1 641 779
1 158 164
1 223 444
2 694 846
1 480 487
1 311 477
1 545 550
1 812 906
2 333 507
1 172 283
1 441 444
1 99 944
2 514 829
2 38 235
1 884 884
1 294 981
1 900 902
1 558 737
1 863 872
1 395 742
1 65 871
1 558 566
1 521 525
2 39 624
1 578 766
1 52 63
2 833 907
1 766 766
1 718 722
2 525 682
1 280 388
1 996 998
1 186 816
1 754 763
1 55 764
1 425 438
1 287 519
2 463 736
1 371 379
1 32 33
1 551 562
2 179 857
2 389 924
2 274 641
1 238 239
1 420 432
1 111 554
1 769 770
2 4 626
1 84 537
1 919 998
1 616 876
1 492 492
1 99 636
1 110 799
1 5 163
1 268 635
1 587 739
1 114 122
1 358 648
1 585 587
1 31 41
1 398 400
2 886 938
1 153 210
1 813 813
1 247 257
1 352 390
1 701 923
1 627 635
2 344 499
1 343 347
1 572 579
1 756 767
1 65 77
2 66 195
1 158 401
1 4 12
1 338 693
2 261 777
1 518 528
1 478 559
1 257 855
1 198 946
1 56 320
1 262 269
1 428 431
1 479 490
1 960 960
1 120 122
1 980 990
1 51 310
1 442 806
2 301 906
2 466 790
1 657 817
1 667 759
1 697 699
1 683 683
2 55 634
1 496 516
1 864 868
2 606 971
1 207 210
1 461 806
2 129 630
1 462 521
2 35 772
1 613 985
1 121 997
2 383 737
1 731 736
2 548 771
1 412 947
1 287 717
2 150 286
1 13 15
2 201 789
1 728 738
2 173 762
2 163 945
1 7 884
1 952 956
1 499 877
1 307 316
2 613 828
1 21 312
1 359 418
1 490 723
1 975 976
2 840 897
1 60 470
2 251 966
1 233 240
2 49 990
2 209 881
1 220 429
1 659 668
2 580 993
1 285 296
1 202 285
1 204 215
1 148 154
1 573 628
1 537 540
1 640 768
1 24 146
1 325 736
1 10 20
1 839 965
1 157 822
1 104 113
1 841 851
1 990 999
1 5 764
1 783 795
1 312 929
2 619 630
1 418 893
1 150 168
1 228 905
1 186 453
1 563 820
2 302 380
2 761 869
2 86 595
2 74 208
1 41 834
1 328 340
1 81 490
2 821 984
1 771 782
1 46 538
1 59 64
1 128 138
2 419 574
2 405 854
1 226 231
1 678 812
1 165 166
2 265 501
2 243 540
2 589 822
2 548 560
1 730 736
1 477 569
1 816 823
1 448 448
1 92 682
1 68 78
1 261 774
1 155 160
1 145 944
1 414 575
1 634 642
1 475 675
1 558 563
1 653 665
1 261 544
2 386 495
2 287 524
2 584 610
2 95 220
2 667 867
1 131 606
1 778 783
2 216 507
2 207 447
2 343 358
2 869 887
1 664 760
1 712 805
1 910 920
2 66 567
1 312 553
1 313 316
1 918 926
1 932 943
1 20 26
1 233 311
2 75 906
1 220 596
1 580 590
2 53 372
1 91 187
2 481 652
1 467 940
1 937 945
2 874 952
1 201 213
1 978 985
1 715 900
1 48 374
1 851 851
2 93 468
1 72 791
1 265 350
2 331 652
1 364 379
2 275 284
1 171 694
1 799 804
1 31 342
1 348 354
1 756 767
1 224 224
1 267 267
1 461 465
1 543 550
1 995 996
2 141 745
1 149 721
1 585 593
2 652 767
1 411 658
1 11 791
1 792 801
1 9 93
2 254 737
2 500 556
2 204 473
2 458 756
1 312 316
1 455 630
1 454 714
2 453 553
1 177 417
1 288 884
1 238 249
1 356 365
1 201 204
1 947 952
2 73 240
1 505 510
1 23 890
1 789 810
2 66 964
1 785 794
1 132 451
1 281 290
1 965 976
2 408 842
1 563 573
1 4 235
1 124 628
2 258 758
1 213 224
1 655 901
1 363 911
1 57 289
2 132 343
1 101 110
1 371 383
2 378 476
1 209 807
2 120 561
2 228 855
1 48 607
1 322 493
1 953 954
1 615 625
1 512 835
2 70 128
2 87 279
1 526 531
1 45 795
2 775 786
1 443 446
1 307 310
2 57 153
1 963 972
1 316 893
1 319 322
2 92 962
1 74 82
1 37 38
1 701 719
1 848 865
1 422 493
1 248 486
1 134 146
1 27 237
1 117 496
1 988 998
1 62 169
1 149 149
1 442 638
1 272 278
1 185 666
2 650 713
1 447 453
1 731 885
2 50 917
1 488 792
1 715 726
1 317 927
1 447 452
1 437 437
2 154 196
1 558 564
1 51 418
1 286 290
2 435 479
1 589 593
1 732 732
1 792 804
2 167 692
2 486 799
1 143 145
1 159 346
1 680 686
2 224 587
2 349 538
1 459 615
1 614 626
2 262 648
1 780 809
2 838 894
1 334 337
1 1 592
1 39 39
1 677 680
1 6 921
2 177 540
2 20 716
1 2 8
1 17 208
1 145 227
1 855 941
1 379 529
2 641 892
1 167 169
1 907 917
2 286 571
1 90 95
1 581 586
1 26 630
1 512 520
1 730 736
1 662 674
1 757 760
2 471 507
2 419 992
1 603 609
2 606 768
1 359 369
2 879 940
2 141 784
1 751 824
1 422 842
1 4 7
2 372 630
2 386 449
1 819 821
1 511 841
1 334 336
1 344 346
1 629 631
1 153 463
2 648 846
1 561 571
2 665 765
1 466 472
2 179 607
1 584 588
1 106 227
2 212 611
1 720 731
1 758 941
2 632 946
2 920 952
2 373 986
2 267 894
2 85 794
2 329 846
1 51 810
2 388 721
2 218 922
1 423 433
1 430 463
1 611 677
1 73 75
1 531 532
2 464 844
1 159 163
2 119 502
2 262 447
1 189 798
1 74 651
2 302 715
1 443 622
1 436 660
1 561 563
1 142 413
1 362 849
2 527 732
1 142 270
2 724 971
2 201 613
2 10 928
1 316 413
1 632 640
1 358 361
2 505 990
2 269 646
1 337 455
1 575 772
1 231 236
1 715 750
2 236 527
2 9 11
1 640 652
1 184 187
1 26 484
1 20 521
2 68 621
1 392 612
1 329 335
1 289 666
2 203 211
2 311 574
1 345 544
1 923 933
1 332 338
1 510 513
1 887 894
1 99 595
2 367 568
2 9 126
1 723 727
2 184 300
1 584 584
2 442 789
2 74 963
1 786 798
1 348 355
2 424 915
1 750 769
1 206 773
1 402 896
1 103 106
1 457 467
1 789 791
1 395 407
1 614 616
1 259 264
1 888 968
1 503 883
1 187 199
1 855 865
1 299 299
1 2 11
2 494 807
1 903 910
2 106 522
1 491 717
1 974 982
2 130 893
1 756 764
1 668 994
1 287 843
1 944 952
1 192 997
2 199 733
2 268 984
2 196 260
1 380 812
1 679 682
1 222 234
1 382 585
1 247 289
2 569 575
1 762 969
1 441 793
1 264 948
1 766 912
1 682 687
1 849 856
1 26 29
1 153 848
1 567 568
1 741 909
1 37 83
1 104 206
2 534 910
1 318 326
1 273 720
2 633 859
1 223 229
1 39 50
1 228 290
1 129 550
1 953 963
2 247 377
1 403 540
1 351 671
1 115 551
1 515 754
1 698 703
1 300 306
2 3 371
2 141 656
1 726 733
2 418 619
1 258 276
1 72 852
1 221 986
1 465 475
2 687 810
1 801 813
1 13 973
1 408 412
2 308 839
1 283 402
2 542 800
1 376 379
1 302 313
2 417 682
1 891 897
2 57 799
2 389 671
1 403 409
1 807 815
1 957 965
2 780 788
1 53 826
1 469 718
1 294 622
1 566 567
1 86 834
1 72 304
1 263 848
1 662 662
1 332 684
1 702 871
1 659 671
1 828 840
1 996 1000
1 183 190
1 352 601
2 534 890
2 206 854
1 60 93
1 93 100
1 29 547
2 59 158
1 318 443
2 39 928
1 231 239
1 466 467
2 14 631
1 366 929
1 639 641
1 291 298
1 518 518
1 188 648
1 313 321
1 285 291
1 89 290
1 186 297
2 280 888
1 712 999
1 513 532
1 289 295
1 535 719
2 227 813
1 901 960
1 421 424
1 596 596
1 329 773
2 3 623
1 602 609
2 759 790
1 191 596
1 28 37
1 585 597
1 98 388
1 223 225
1 710 722
1 408 415
1 58 67
1 139 440
1 60 71
1 139 653
1 53 180
2 347 624
1 675 753
1 406 412
2 43 914
1 514 939
1 356 362
2 58 609
1 828 829
1 400 400
2 182 548
1 801 971
1 984 998
1 805 955
2 577 886
2 281 648
1 984 994
1 451 652
1 748 756
1 249 928
1 104 128
1 509 657
1 489 497
1 663 672
1 969 973
1 262 838
1 946 946
2 520 980
2 399 795
1 810 822
2 862 920
1 276 285
1 715 723
1 769 780
2 240 287
1 229 245
2 205 304
1 27 992
1 966 976
1 33 38
1 570 581
2 194 982
1 27 65
1 396 426
1 857 862
2 181 622
1 419 743
1 435 437
1 884 895
1 312 388
1 450 453
1 466 942
1 773 968
2 92 679
1 32 100
1 811 879
2 153 643
2 7 285
2 306 641
1 913 994
2 261 748
2 295 403
1 200 958
1 263 810
2 322 428
1 56 59
1 132 278
1 995 1000
1 853 868
1 225 234
2 52 302
1 169 224
1 153 164
1 674 675
1 290 509
1 213 223
1 934 936
2 660 693
2 458 925
1 488 819
2 310 328
1 12 18
1 210 266
1 141 146
2 13 507
1 53 65
2 284 764
1 498 909
1 433 753
1 129 635
1 684 685
1 55 804
1 200 534
1 56 67
1 898 910
2 127 664
1 176 179
2 560 985
1 329 343
2 771 898
1 334 345
2 468 627
1 915 921
1 354 579
1 922 931
1 148 158
1 295 609
1 606 680
1 506 910
1 576 577
1 374 383
1 595 595
1 736 744
2 67 543
1 336 348
1 27 999
2 708 853
1 600 608
1 670 670
1 281 493
1 686 697
1 185 499
1 90 598
2 486 600
1 379 389
1 451 455
2 851 941
1 130 862
1 302 490
1 448 459
1 615 777
1 62 318
1 843 852
1 400 404
2 271 985
1 187 192
1 909 920
2 482 839
2 509 567
1 430 432
2 277 406
1 508 896
1 533 884
1 874 880
2 444 857
1 737 743
1 18 24
1 772 777
2 356 526
1 320 332
1 12 12
1 105 105
1 752 757
1 460 904
1 931 935
2 61 348
1 205 635
1 349 464
1 805 980
2 500 871
1 304 305
2 102 297
1 720 853
1 361 363
1 406 409
1 667 716
1 772 773
1 383 389
1 403 614
1 113 649
1 727 893
1 276 286
2 187 544
1 38 48
1 292 295
1 31 854
2 370 766
1 701 948
2 197 419
1 902 907
1 455 774
1 506 989
1 53 57
1 137 826
1 999 1000
1 150 314
1 410 970
1 109 906
2 104 785
1 127 131
2 260 288
2 547 701
1 259 267
1 667 675
1 141 541
1 125 130
1 841 849
1 427 715
1 555 564
1 169 793
1 676 684
1 241 246
1 190 398
1 564 998
1 282 408
1 227 232
1 112 348
1 838 841
1 868 872
1 747 923
1 349 812
2 47 741
1 483 953
1 495 504
1 348 714
1 186 678
1 499 709
2 387 392
1 66 160
1 295 740
1 9 10
1 330 970
1 687 853
1 39 594
1 272 665
2 233 532
1 816 822
1 36 43
1 531 868
2 9 344
2 561 604
1 636 645
1 853 862
1 666 667
1 59 780
1 406 917
1 746 873
1 210 219
1 466 469
1 270 744
2 91 883
1 572 605
1 971 979
1 976 986
2 284 780
1 662 720
1 435 435
2 350 818
1 568 646
2 679 719
1 605 613
1 363 375
1 306 393
2 474 517
2 764 821
2 105 766
1 920 932
1 323 957
1 474 800
1 503 687
1 176 186
1 904 905
1 521 530
1 918 923
2 765 886
1 97 979
1 330 339
2 661 829
2 111 657
1 175 703
2 212 641
2 767 968
1 679 690
1 352 363
1 435 441
1 61 434
1 761 761
1 897 899
2 850 852
2 483 930
1 883 888
1 72 79
1 151 767
2 577 961
1 101 946
2 9 559
2 570 580
1 987 988
2 55 842
1 677 725
2 604 806
1 511 752
1 840 861
2 542 863
2 290 438
1 619 749
1 737 738
1 159 901
1 553 896
2 686 797
1 286 298
1 500 993
1 142 148
1 144 147
1 921 925
1 801 808
2 223 414
1 341 353
1 458 469
1 340 968
2 376 463
1 911 916
2 266 927
1 264 265
1 183 359
1 666 769
1 199 571
2 114 213
1 752 754
1 83 766
1 54 315
1 811 983
1 256 268
2 154 181
1 406 973
1 465 916
1 170 784
1 296 771
1 483 719
1 690 694
2 593 923
1 562 567
1 830 986
1 703 712
1 783 784
1 402 407
1 111 114
2 614 766
1 645 645
1 114 976
1 330 882
2 149 584
1 65 440
1 687 691
